00 0 2
01 1 2
100 2 3
1010 3 4
1011 17 4
11000 4 5
11001 5 5
11010 33 5
11011 49 5
111000 6 6
111001 18 6
111010 65 6
111011 81 6
1111000 7 7
1111001 97 7
1111010 113 7
11110110 19 8
11110111 34 8
11111000 50 8
11111001 129 8
111110100 8 9
111110101 20 9
111110110 66 9
111110111 145 9
111111000 161 9
111111001 177 9
111111010 193 9
1111110110 9 10
1111110111 35 10
1111111000 51 10
1111111001 82 10
1111111010 240 10
11111110110 21 11
11111110111 98 11
11111111000 114 11
11111111001 209 11
111111110100 10 12
111111110101 22 12
111111110110 36 12
111111110111 52 12
11111111100000 225 14
111111111000010 37 15
111111111000011 241 15
1111111110001000 23 16
1111111110001001 24 16
1111111110001010 25 16
1111111110001011 26 16
1111111110001100 38 16
1111111110001101 39 16
1111111110001110 40 16
1111111110001111 41 16
1111111110010000 42 16
1111111110010001 53 16
1111111110010010 54 16
1111111110010011 55 16
1111111110010100 56 16
1111111110010101 57 16
1111111110010110 58 16
1111111110010111 67 16
1111111110011000 68 16
1111111110011001 69 16
1111111110011010 70 16
1111111110011011 71 16
1111111110011100 72 16
1111111110011101 73 16
1111111110011110 74 16
1111111110011111 83 16
1111111110100000 84 16
1111111110100001 85 16
1111111110100010 86 16
1111111110100011 87 16
1111111110100100 88 16
1111111110100101 89 16
1111111110100110 90 16
1111111110100111 99 16
1111111110101000 100 16
1111111110101001 101 16
1111111110101010 102 16
1111111110101011 103 16
1111111110101100 104 16
1111111110101101 105 16
1111111110101110 106 16
1111111110101111 115 16
1111111110110000 116 16
1111111110110001 117 16
1111111110110010 118 16
1111111110110011 119 16
1111111110110100 120 16
1111111110110101 121 16
1111111110110110 122 16
1111111110110111 130 16
1111111110111000 131 16
1111111110111001 132 16
1111111110111010 133 16
1111111110111011 134 16
1111111110111100 135 16
1111111110111101 136 16
1111111110111110 137 16
1111111110111111 138 16
1111111111000000 146 16
1111111111000001 147 16
1111111111000010 148 16
1111111111000011 149 16
1111111111000100 150 16
1111111111000101 151 16
1111111111000110 152 16
1111111111000111 153 16
1111111111001000 154 16
1111111111001001 162 16
1111111111001010 163 16
1111111111001011 164 16
1111111111001100 165 16
1111111111001101 166 16
1111111111001110 167 16
1111111111001111 168 16
1111111111010000 169 16
1111111111010001 170 16
1111111111010010 178 16
1111111111010011 179 16
1111111111010100 180 16
1111111111010101 181 16
1111111111010110 182 16
1111111111010111 183 16
1111111111011000 184 16
1111111111011001 185 16
1111111111011010 186 16
1111111111011011 194 16
1111111111011100 195 16
1111111111011101 196 16
1111111111011110 197 16
1111111111011111 198 16
1111111111100000 199 16
1111111111100001 200 16
1111111111100010 201 16
1111111111100011 202 16
1111111111100100 210 16
1111111111100101 211 16
1111111111100110 212 16
1111111111100111 213 16
1111111111101000 214 16
1111111111101001 215 16
1111111111101010 216 16
1111111111101011 217 16
1111111111101100 218 16
1111111111101101 226 16
1111111111101110 227 16
1111111111101111 228 16
1111111111110000 229 16
1111111111110001 230 16
1111111111110010 231 16
1111111111110011 232 16
1111111111110100 233 16
1111111111110101 234 16
1111111111110110 242 16
1111111111110111 243 16
1111111111111000 244 16
1111111111111001 245 16
1111111111111010 246 16
1111111111111011 247 16
1111111111111100 248 16
1111111111111101 249 16
1111111111111110 250 16
