01110110011010111000011010001001
11010000010000101011101010101111
00110011011011000010000010010001
11110100001110110101101000000101
11001111010111101100100011110100
10101000111100111001100000000011
01111001110000111100101101100110
11111011100101100100110010100100
01001110011011011111110110010110
11101001111100111010001001110101
00001111001110100111101111100000
11101111000100000100000101101110
01100010110101101011100010011000
11111001010111111100001111000111
11101111011010110110111011101001
11111101001100100000100100110101
11000101110110001010000011000100
01100000101111000001110010111000
01101001001011001110010111110000
10001101001001010111110001011010
10010101101011101010001011011011
01110110110000001101100111111101
00011011001100111001110110110110
11100000101011110011000000100000
10010100010001111010100010001111
01001111010111100010010011011101
0011101101010001
