10100111001111101001101101100001
00101000110111001101000101000010
01010111100111100101010101000111
11001010001100011101101110001010
11000110110100010111110000111111
00110101111001000001011010101101
10100111111010110001011110010110
10110111000000100011110111010001
10110100101100101000001010101010
01001001110011101101000110111000
11100011101110001110001110001110
10010101001011101010111111100001
10011101011111110100011010000010
01000011101001011100111111111101
10101001101001001000011011111001
01001100101011100001001001111000
11111101010101011001101110000101
01100011100011110101001000001111
00111001111001101010001111010011
01111100010010110110111110100001
11000100101100000101111011011011
01011110010110001100111100010010
00000100110001011101010001010010
01100100001010000000001110010000
11001010001100000100011100000011
10011100110101111001100100101010
01101101011111000010011101011100
01100100110101101110010110000001
11100010110111010110101101001001
00101101011000111010101111101000
11000110111011101110011000010110
00101011111001111101101101100000
10101011100011001111010111000011
00011100101010011110101111000101
00010101110011100110101000111110
00101100110100100001111011101101
11011100101110110100111011001101
11001001011100001000110001110010
01111111001010100010101010010100
00011011110101000011110110110001
