 -12    7   -1    0    0    1   -1    0 
 -18    5    2    0    0    0    0    0 
 -15    2   -2    0   -1    0    0    0 
  -5    1    1   -2    0    0    0    0 
  -6   -2    0   -1    0    0    0    0 
  -2    0    0    0    0    0    0    0 
  -1    0    0    0    0    0    0    0 
  -1    0    0    0    0    0    0    0 
 -37  -26   -7  -10   -4    0    1    0 
 -32   12    2   -1    2    1    1    1 
   6  -16    8   -4    1    0    0   -1 
  24  -10    2   -2   -2    0    0   -1 
  12    5   -2   -1    0    0    0    0 
   5    1    0    0   -1    0    0    0 
  -1    2   -1    0    0    0    0    0 
   1    0    0   -1    0    0    0    0 
 -32   23   -7    4    2    0    0    0 
 -38  -25    1   -1    0    0    0    0 
  31  -20  -22   -2    0    1   -1    0 
   7   20    1   -4   -2    0    0    1 
   0    5    7    2    1    0    0    0 
   3   -3    2    2    0    0    1    0 
  -1    0   -2    1    1    0    0    0 
   0   -1    1   -1    0    1    0    0 
 -36  -18   -5   -2   -3   -1   -1   -1 
  37  -28   -7   -5   -3   -1    0   -1 
  -8   13    7    0   -2    0    0   -1 
  -9  -14   -1   -1    1    0    0    0 
  12   10    1   -1   -1    0    0    0 
  -5    0    2    1    1    0    0    0 
   4   -2   -1    0    0    0    0    0 
  -1    0    1    0    0    0    0    0 
 -19    2    0    0    0    0    0    0 
  -4   -1    0    0    0    0    0    0 
   1   -2    0    0    0    0    0    0 
   0    0    0    0    0    0    0    0 
   0    0    0    0    0    0    0    0 
   0    0    0    0    0    0    0    0 
   0    0    0    0    0    0    0    0 
   0    0    0    0    0    0    0    0 
  11   -2    0    0    0    0    0    0 
   2   -1    0    0    0    0    0    0 
   1    1    0    0    0    0    0    0 
   0    0    0    0    0    0    0    0 
   0    0    0    0    0    0    0    0 
   0    0    0    0    0    0    0    0 
   0    0    0    0    0    0    0    0 
   0    0    0    0    0    0    0    0 
 -28   -1    1    2    2    1    1    0 
  45  -22  -14   -6   -2    0    0    0 
  26   23    9    0   -1    0    0    1 
 -25   11    7    3    1    0    0    0 
   1   -9   -2    0    1    0    0    0 
   0    1   -1   -2   -1    0    0    0 
  -1    2    1    0    0    0    0    0 
   1    0    0    0    0    0    0    0 
 -28    0    0    0    0    0    0    0 
   0    0    0    0    0    0    0    0 
   0    0    0    0    0    0    0    0 
   0    0    0    0    0    0    0    0 
   0    0    0    0    0    0    0    0 
   0    0    0    0    0    0    0    0 
   0    0    0    0    0    0    0    0 
   0    0    0    0    0    0    0    0 
 -63   17   11    3    0    0    0    0 
  44    3    3    2    1    0    0    0 
 -23    1    2    1    1    0    0    0 
   3    7    3    1    0    0    0    0 
   2   -1    0    0    0    0    0    0 
  -3    1    0    0    0    0    0    0 
   2    0    0    0    0    0    0    0 
  -1    0    0    0    0    0    0    0 
 -63    0    0    0    0    0    0    0 
   0    0    0    0    0    0    0    0 
   0    0    0    0    0    0    0    0 
   0    0    0    0    0    0    0    0 
   0    0    0    0    0    0    0    0 
   0    0    0    0    0    0    0    0 
   0    0    0    0    0    0    0    0 
   0    0    0    0    0    0    0    0 
 -17   -1    0    0    0    0    0    0 
  -3    1    1    0    0    0    0    0 
   1    0    0    0    0    0    0    0 
   0    0    0    0    0    0    0    0 
   0    0    0    0    0    0    0    0 
   0    0    0    0    0    0    0    0 
   0    0    0    0    0    0    0    0 
   0    0    0    0    0    0    0    0 
  11    0    0    0    0    0    0    0 
   6    0    0    0    0    0    0    0 
   0    0    0    0    0    0    0    0 
   0    0    0    0    0    0    0    0 
   0    0    0    0    0    0    0    0 
   0    0    0    0    0    0    0    0 
   0    0    0    0    0    0    0    0 
   0    0    0    0    0    0    0    0 
