10010001011000011101011001101110
11110101010111010100001000001011
10001001000001000011011011001100
10100000010110101101110000101111
00101111000100110111101011110011
11000000000110011100111100010101
01100110110100111100001110011110
00100101001100100110100111011111
01101001101111111011011001110010
10101110010001011100111110010111
00000111110111100101110011110000
01110110100000100000100011110111
00011001000111010110101101000110
11100011110000111111101010011111
10010111011101101101011011110111
10101100100100000100110010111111
00100011000001010001101110100011
00011101001110000011110100000110
00001111101001110011010010010110
01011010001111101010010010110001
11011011010001010111010110101001
10111111100110110000001101101110
01101101101110011100110011011000
00000100000011001111010100000111
11110001000101011110001000101001
10111011001001000111101011110010
1000101011011100