=================================
Block    0
=================================
   4   -2   21   16   -2   -1    0    0
  -6   11   -7    2   -1    0    0    0
  25    8   -9  -10    2    0    1    1
   4   -6    8   -5    1    0    0    0
  -1   -2    3    0   -1    0    0    0
   0    1    0   -1   -1    0    0    0
   0    1   -1    0    0    0    0    0
   0    0    0    0    0    0    0    0
=================================
Block    1
=================================
  13  -11    4  -17    3    1    1    0
 -35    1    0   -2   -1    0    0    0
  37    9    1    9   -2   -1    0    0
  15    3    0    2    1    0    0    1
  -9   -4    0    0    0    1    0    0
  -7    0   -2   -1   -1    0    0    0
   0   -1    1    0    0    0    0    0
   1   -1    1   -1    0    0    0    0
=================================
Block    2
=================================
  30    8   -4   11   -2    0    0    0
 -32    0    2    6    0    0   -1    0
  19   -8   -7   -3   -1    0    1    0
  13   -3    2   -4    0   -1    0    0
   2   -1    2   -1    0    0    0    0
  -2    0    1   -1    0    0    0    0
  -1    0   -1   -1    1    0    0    0
   0    0    0    0    0    0    0    0
=================================
Block    3
=================================
  29  -13   -4   -9    2    0   -1    1
 -24   -2   -5   -7    2   -1   -1    0
  18   10    5    2    0   -1    0    0
  19    0    0    6    0    0    0    0
   3   -2    1    1    0    0    0    0
   0    0    0    1    0    0    0    0
   1    0   -1    1    0    0    0    0
   0    1   -1    0    0    0    0    0
=================================
Block    4
=================================
 -27   -1   -1   -1    0    0    0    0
   3    0   -1    0    0    0    0    0
   1    0    0    0    0    0    0    0
   0    0    0    0    0    0    0    0
   0    0    0    0    0    0    0    0
   0    0    0    0    0    0    0    0
   0    0    0    0    0    0    0    0
   0    0    0    0    0    0    0    0
=================================
Block    5
=================================
  23    2    0    0    0    0    0    0
  -2    0    1    0    0    0    0    0
  -1    0    0    0    0    0    0    0
   0    0    0    0    0    0    0    0
   0    0    0    0    0    0    0    0
   0    0    0    0    0    0    0    0
   0    0    0    0    0    0    0    0
   0    0    0    0    0    0    0    0
