 90 101 120 130 175 216 224 238 
104 111 123 126 169 219 236 252 
103 117 134 133 169 216 226 233 
113 130 147 144 181 228 234 237 
131 140 146 136 169 216 228 239 
137 141 146 134 152 177 172 176 
 79  86 102 104 121 128 109 110 
 99 106 132 153 185 205 199 211 
248 230 179 132 126 110 123 132 
255 232 183 132 117 119 126 104 
250 220 194 145  94  95 115  91 
255 218 182 116  71 150 228 220 
255 229 199 128 102 211 250 193 
187 155 139 115 114 208 231 216 
106  96 110 124 134 178 163 178 
202 211 191 158 173 238 198 181 
105 105 127 138 177 187 199 193 
104 103 121 131 166 174 185 181 
114 112 122 131 154 160 164 161 
117 116 126 139 154 160 157 156 
126 128 134 155 162 168 160 162 
140 142 144 166 164 168 154 157 
143 144 142 168 161 168 149 158 
123 127 125 158 156 173 161 176 
191 197 186 159 182 240 242 239 
177 191 178 152 168 226 249 230 
149 173 157 135 143 192 249 217 
157 180 162 146 136 160 246 220 
160 176 160 153 139 134 234 227 
146 158 153 150 149 132 227 235 
153 166 162 150 161 138 207 212 
166 177 167 133 146 113 152 143 
135 153 185 137 174 146 191 171 
 76 147  81 103 132 104 161 150 
 78  74  61 114  87  77 238 181 
164 124 114  80  38  38 197 245 
184 150 135 111  23  49 155 255 
165 160 122  95  62  20  99 182 
176  93 104  92  70  36 193 195 
159 112 111 116 111  96 176 211 
193 182 216 195 250 158 161 188 
148 150 174 179 214 157 159 201 
175 190 207 249 255 255 238 255 
248 203 159 201 255 255 255 255 
255 232 200 210 255 255 255 254 
173 184 207 200 209 190 195 205 
219 209 208 205 225 234 238 233 
202 210 214 211 204 218 223 229 
150 127 140 127 105 101 188 213 
122 121 139 121 112 116 160 127 
124 114 115  99 116 147 198 162 
136 110 116 127 150 152 195 178 
153 107  95 114 156 163 218 226 
166 126 106 110 147 142 168 150 
195 156 124 112 151 167 219 224 
152 129 119 121 153 153 210 233 
209 214 225 222 231 242 227 235 
135 153 192 219 230 218 176 166 
147 147 181 217 235 232 203 200 
198 171 190 226 248 255 244 255 
218 174 183 216 233 244 240 252 
160 129 162 213 226 223 197 187 
246 183 175 192 199 228 246 255 
244 190 192 209 208 223 223 222 
151 169 132 159 176 212 227 218 
159 165 123 157 180 199 192 165 
135 137 125 151 212 210 205 168 
128 145 144 153 206 203 211 177 
119 140 154 138 219 218 232 191 
154 161 166 143 235 229 234 181 
116 114 135 137 238 222 194 143 
109 102 135 151 248 210 175 130 
199 224 216 178 173 158 148 131 
119 146 151 135 155 150 134 117 
138 157 140 131 151 145  92  76 
120 127 119 119 145 144  93  85 
108 105 112 124 152 151  94  92 
115 101 135 159 166 157  97  88 
 47  24 106 149 185 182 147 131 
 52  16 109 159 189 187 159 137 
123 133 158 170 248 206 114 106 
123 127 160 172 227 200 106 106 
111 111 181 197 214 189  91  84 
114 116 186 207 222 170 103  67 
102 115 202 229 228 138  87  20 
102 119 202 228 223 128  77   8 
115 132 222 242 188 122  21   0 
113 127 219 233 154 125   0   0 
  0   0  48 152 198 161 163 143 
  0   0  39 135 216 163 152 119 
  0   0  12  78 172 135 141 112 
  0   0  13  65 169 151 139 105 
  0   0  24  69 128 141 124  94 
  0   0  14  57 112 146 132 114 
  0   0  12  62 119 133 135 115 
 57   0   8  39 106 106 129 120 
 74  95  24  38 153 215 231 255 
 97  69  36  65 110 179 229 217 
 84  54  44  52  35  94 188 189 
 77  83  55  40  29  60 135 181 
 75  91  56  50  78  87 118 156 
 77  75  56  61  70  75 111 129 
 81  78  71  73  68  69 114 137 
 72  79  57  59  83  73  86 111 
255 255 240 232 240 254 235 231 
211 204 204 204 207 206 169 159 
195 198 214 218 207 194 167 186 
 97 108 171 224 222 172  94  90 
109  56  77 153 220 231 173 181 
149  73  70 124 201 244 196 205 
120  68  63  85 159 239 219 236 
124  80  65  63 145 255 255 255 
 82  86  59  72  87  92  89  96 
 75  77  50  61  75  80  78  85 
 89  91  60  70  80  84  74  82 
 98 101  67  74  83  85  76  87 
110 112  77  81  81  84  69  81 
116 119  85  89  87  88  74  85 
125 128  93  98  92  92  72  83 
116 119  86  90  84  82  62  73 
107  39  62  73  92 255 255 255 
 91  23  57  64  99 248 255 255 
 72  13  51  56 105 203 214 221 
 47   6  37  56 109 191 181 187 
 30   4  17  50  93 177 145 143 
 25   8  18  58  75 142  97  86 
 15   0   6  42  65 125 135 153 
 62   3  13  27  57 125 206 255 
