 80 106 111 114 118 124 108 146 
 89 108 110 114 121 130 110 144 
 96 111 106 112 123 131 110 141 
102 117 110 116 127 135 112 142 
 98 116 113 118 127 133 111 141 
102 122 119 125 134 139 114 143 
104 120 119 127 140 146 118 142 
111 122 119 129 149 154 123 141 
141 214 202 214 225 228 230 237 
138 213 206 216 226 230 232 241 
129 209 206 219 228 230 233 245 
122 205 206 218 226 228 232 246 
120 204 207 219 226 227 234 249 
127 209 211 221 228 229 235 250 
134 213 212 221 229 230 236 249 
136 214 209 219 227 229 233 245 
114 123 112 110 128 159 138 140 
129 144 144 150 159 168 127 122 
169 180 182 189 189 181 133 132 
108 113 108 110 109 110  88 112 
 77  83  78  82  83  99 104 151 
 77  90  92  98 100 118 121 165 
 96 110 112 116 122 139 129 158 
109 119 114 119 130 156 143 166 
141 221 214 230 239 231 236 242 
126 220 234 230 225 238 244 240 
154 220 241 233 221 242 240 233 
111 114 121 130 123 131 114 120 
121 102  95 108 102 107  90 104 
126 150 140 136 128 141 141 147 
154 228 216 207 202 216 220 213 
138 228 212 215 218 219 218 204 
251 255 254 197 197 157 136 136 
255 255 251 193 196 157 135 135 
255 255 248 190 196 158 137 134 
255 255 248 191 201 163 138 131 
255 255 246 193 205 164 138 128 
253 254 246 194 205 162 135 123 
251 252 246 191 198 155 129 120 
252 254 245 187 192 148 123 116 
124 114 139 128 101 104 111 123 
122  92 109 122 124 137 139 143 
137  96 112 135 140 135 109  95 
125  82  91 102 106 111 100  95 
117  90 117 135 137 130  99  73 
131  77  78  93 110 125 115 105 
 89  46  91 164 213 223 208 205 
 87  56 131 232 255 244 207 205 
247 255 239 189 199 166 124 107 
230 246 244 224 217 173 129 112 
240 235 219 204 170 133 117 114 
123 121 117 130 105  96 112 111 
 97  93  86  95  81  83 123 112 
128 121 113 113 116 107 157 138 
217 214 220 216 218 148 169 133 
204 197 206 205 220 134 165 144 
104  93 171 243 255 246 216 206 
130 116 193 251 255 244 223 201 
117 101 193 255 251 249 233 191 
118  96 188 253 241 237 233 202 
124 102 176 213 172 149 166 186 
145 153 218 229 170 116 133 198 
144 183 238 240 206 144 137 212 
169 212 244 242 247 200 176 244 
123 161 163 157 184 161 123 166 
104 109 126 145 164 159 142 168 
 88  63 101 143 134 121 113 120 
 90 131 179 138  62  58  72  68 
 96  48  51  89  90  77  87 142 
 76  83  79  58  54  69  74 101 
185 157 145 137 121 110  79  73 
197 151 148 155 131 119  96  83 
179 182 162 117 154 250 205 160 
180 172 174 128 173 234 206 177 
142 142 162 132 166 200 146 106 
119 112 116 110 165 241 187 148 
133  89  87  92 192 255 209 162 
 85  21  49  66 213 255 231 190 
 98  54  54  54 162 254 253 241 
 19  42  28  44  97 255 255 255 
192 171 150 158 135 125 122  81 
195 183 158 157 134 123 120  91 
188 186 161 151 131 120 113  97 
189 185 158 141 131 126 112 109 
170 144 106  86  85  89  80  85 
197 142 101  85  82  93  89 102 
192 122  98  97  91  98  95 109 
181 110 107 124 114 114 105 115 
 41  15  28  51  50 255 255 255 
 40   9  17  35  53 239 248 237 
 56  28  32  16  29 151 153 157 
 46  21  30  26  83 178 185 199 
 94  44  33  41 146 223 207 198 
 86  43  33  47 155 219 206 198 
110  87  87  94 168 215 212 217 
115  94  93 103 167 211 210 210 
155 176 176 183 196 186 186 200 
169 190 181 175 190 191 183 180 
107 121 119 120 140 145 133 135 
135 139 145 153 171 168 157 180 
153 153 157 157 184 206 207 238 
167 167 161 130 154 199 211 242 
218 211 203 150 125 131 143 207 
238 228 239 197 134  90 110 225 
207 241 184 125 140 169 180 177 
209 247 174  83  98 157 181 164 
170 206 142  65  89 159 192 178 
205 226 186 152 164 186 205 205 
243 255 242 235 234 220 226 236 
227 247 243 240 235 228 242 253 
245 255 253 251 240 230 245 251 
251 252 251 255 255 236 245 255 
251 237 234 189 160 139 143 235 
209 216 218 179 181 193 173 202 
128 145 155 130 153 179 146 139 
170 173 183 177 191 200 181 188 
202 195 198 197 197 193 191 208 
188 185 182 177 176 181 181 178 
186 187 186 187 186 189 193 181 
183 181 186 200 191 182 194 196 
255 255 255 255 255 249 248 252 
215 208 213 225 223 207 201 210 
162 146 145 160 162 150 155 174 
199 190 190 199 201 198 205 219 
200 212 224 227 228 227 221 213 
174 192 203 203 206 215 213 203 
181 188 191 189 196 210 218 219 
203 204 207 210 212 213 217 222 
 99 111 104 107 123 135 127 166 
 94 106 100 104 118 128 119 158 
 94 106 101 104 116 124 110 150 
 97 107 103 108 117 121 106 148 
104 114 109 114 118 120 106 150 
105 114 109 116 118 119 106 154 
109 117 112 120 122 123 109 159 
112 120 114 122 124 126 113 164 
149 209 196 207 210 207 201 198 
143 203 190 197 199 200 194 188 
140 204 186 187 189 195 189 179 
122 186 165 163 167 177 171 161 
117 176 151 150 153 164 159 150 
132 184 155 158 160 166 163 158 
135 178 144 149 149 148 143 145 
144 182 146 154 152 146 140 146 
123 130 119 121 125 133 122 170 
127 134 121 123 126 134 125 172 
135 144 134 137 141 147 132 176 
137 150 146 154 157 157 137 178 
136 149 145 151 157 159 139 182 
133 139 129 131 137 146 135 183 
125 132 121 123 129 139 132 182 
118 128 122 128 135 143 132 178 
140 195 152 158 146 141 152 136 
143 194 155 165 152 142 150 138 
148 194 161 174 158 146 152 148 
142 182 154 168 153 143 147 152 
137 173 150 160 148 145 148 161 
138 176 158 161 150 157 158 172 
144 185 172 168 157 171 169 181 
137 182 173 165 154 170 166 174 
189 188 197 200 210 146 157 136 
179 181 193 200 213 151 163 142 
176 179 193 200 212 148 160 139 
163 168 180 187 200 137 155 136 
152 156 169 178 193 137 158 145 
155 159 170 176 189 133 157 144 
160 163 173 176 185 125 147 133 
157 162 175 179 188 127 148 135 
141 194 231 240 235 239 236 244 
130 222 230 255 255 226 245 242 
139 218 218 255 255 216 221 219 
139 151 190 248 255 252 232 238 
139 108 162 253 255 242 228 218 
137 119 141 250 243 198 214 176 
126 126 123 215 239 216 228 200 
133 122 114 160 223 244 216 215 
139 150 160 177 182 115 157 136 
142 149 158 174 182 119 157 134 
142 145 155 167 178 121 158 135 
142 142 153 159 170 121 157 139 
153 150 164 163 175 131 167 154 
164 155 172 167 179 141 167 152 
179 165 182 175 193 155 170 146 
185 165 181 176 198 160 163 128 
125 122 119 121 219 222 234 215 
132 130 124 128 224 226 226 194 
135 134 126 130 226 236 232 195 
125 133 130 138 228 246 241 207 
138 153 151 158 233 249 252 232 
157 164 142 133 184 199 217 224 
160 163 138 128 160 162 177 194 
127 145 141 149 174 152 139 142 
175 118 121 140 135 146 138 120 
180 117 121 147 139 139 128 118 
154  94 102 137 136 133 124 124 
168 116 119 144 140 134 118 117 
150 115 116 126 125 130 115 111 
121  96  96 102 109 124 115 116 
159 126 112 112 109 113 100 109 
172 132 114 115 113 108  95 116 
113 122  87 100 182 208 223 217 
120 110  84 114 196 207 211 203 
116 111 106 141 193 175 176 185 
107 102 106 124 149 110  97 103 
122 117 120 135 185 167 140 131 
114 130 141 148 212 211 184 192 
132 162 170 159 214 198 167 201 
132 155 154 148 224 209 166 207 
176 157 108 109 107  94 103 113 
155 152 114 109  97  84  94 106 
152 139  96  88  94 102 109 112 
195 178 130 104 102 109 102  99 
215 218 192 153 121 115 106 115 
194 190 169 132 108 111 102 119 
203 186 168 143 133 139 113 122 
100 107 126 124 116 110  75  88 
141 157 154 164 214 204 215 230 
155 176 152 147 206 199 206 229 
138 138 114 145 216 163 119 127 
158 137 119 159 226 187 168 179 
159 142 137 157 203 204 236 246 
174 139 134 175 224 209 229 241 
148 142 122 146 219 209 221 249 
 99 204 197 147 211 230 237 254 
199 197 200 218 223 210 216 223 
211 209 209 221 229 222 218 214 
171 171 175 184 209 226 226 218 
 89  92 100 103 139 187 202 201 
118 124 133 121 148 204 221 226 
160 164 176 149 163 211 219 227 
187 183 191 157 163 210 212 224 
206 194 195 156 163 211 216 231 
229 223 226 230 222 223 232 238 
236 236 239 239 235 243 246 236 
225 236 240 223 203 209 213 201 
222 231 227 187 133 114 121 123 
223 233 241 227 188 175 190 206 
247 244 252 254 233 219 218 220 
228 231 240 249 243 244 240 230 
239 252 255 255 246 253 254 240 
217 216 196 168 162 208 215 226 
227 210 170 134 133 195 223 244 
127 126 118 117 137 202 217 226 
207 192 167 149 151 197 196 197 
245 221 182 154 154 200 202 209 
254 237 204 179 170 204 197 201 
250 233 203 176 163 199 203 217 
255 248 226 200 180 205 199 210 
239 236 243 255 255 255 255 253 
232 234 239 240 228 233 240 238 
229 236 236 215 178 165 166 165 
185 205 225 229 213 215 222 222 
204 220 237 245 241 249 247 235 
201 209 218 227 235 255 255 241 
225 230 232 232 232 250 254 239 
208 216 220 216 208 221 222 207 
114 121 126 134 151 155 145 199 
112 120 125 133 150 154 142 196 
130 140 134 142 144 150 134 185 
134 144 138 147 148 155 138 186 
149 161 144 151 144 152 134 180 
149 162 146 152 146 156 136 178 
138 152 137 142 142 151 147 186 
142 156 140 146 145 156 151 188 
142 200 204 204 185 200 200 199 
158 215 210 207 208 194 218 194 
149 195 210 215 198 229 196 198 
146 200 204 196 212 163 192 144 
168 204 232 227 206 226 187 191 
162 203 210 191 212 169 206 175 
187 215 234 228 215 224 197 195 
175 208 228 225 234 211 203 175 
110 145 130 133 147 146 156 188 
113 140 122 132 154 159 168 190 
122 150 136 145 165 161 179 195 
138 172 169 171 172 160 180 199 
 92 118 105 108 102  99 129 149 
112 118  93 101 108 124 161 173 
122 122  90 102  97 116 148 155 
122 133 116 131 117 130 161 171 
194 210 255 214 236 203 177 186 
185 226 250 223 222 204 178 171 
212 255 252 248 200 191 140 118 
228 255 252 249 197 186 126 108 
241 236 255 239 196 179 110 108 
252 224 255 227 192 164 104 106 
252 231 248 218 176 146 103  93 
240 239 232 213 161 136 111  87 
178 200 246 227 224 199 205 174 
156 162 223 224 200 163 154 139 
172 111 126 143 148 182 165 146 
163 139 187 178 128 160 134 116 
139 160 238 236 152 160 131 132 
161 132 161 165 118 123 112 123 
148 125 124 127 107 101 111 123 
136 132 124 116 116 107 109  91 
165 190 159 155 131 153 138 126 
196 183 151 159 125 106 106 133 
155 173 171 163 135 116 116 115 
165 190 182 133 107 114 127  95 
162 152 143 123 112 104 114  95 
141 123 124 138 125 112 110  95 
131 119 114 116  89  95  93  79 
106 106 117 141 102  97  89  84 
118 125  90  83  99 132 111 119 
111 110 103  99  90 103 105 122 
109  85  86  93 119 122 148 155 
104  80  74  75 135 146 168 170 
 66  68  52  30 124 150 187 200 
 75  71  35   8 109 166 200 194 
 63  26   0   0  81 172 223 188 
 49   0   0   1  56 163 243 207 
115 117 136 118 113 107 122  99 
127 129 146 126 118 110 116  93 
148 151 172 157 155 153 135 115 
151 150 168 155 159 162 131 120 
187 179 182 166 163 171 111 107 
204 192 188 171 171 185 113 118 
190 177 169 158 157 179  89  99 
184 171 162 155 157 182  85  97 
 56  63  62  55  59  51  26  43 
 80  91  61  59  43  45  33  59 
 63  92  56  77  55  56  51  72 
 74  95  45  57  53  57  85 106 
 62  84  63  72  90  57  72  64 
 83  84  63  46  75  43  64  62 
 76  82  83  72  93  69  62  65 
 79  81  76  64  68  66  52  76 
121 185 214 206 235 255 255 252 
111 196 202 218 219 232 228 228 
110 133 245 224 226 218 212 255 
117 145 105 207 206 214 242 169 
 34  85  83  53 229 235 157 235 
 56  56  96 105  77 208 231 136 
 45  76  67 123 168 110 178 230 
 63  62  64  72 140 187 157 177 
 67  86  77  48  72  60  52  54 
 71  96  78  77  75  87  58  61 
 52  71  58  65  61  80  59  57 
 68  67  71  56  70  74  81  64 
 84  73  79  64  69  74  84  59 
 67  62  61  75  48  77  75  52 
 70  62  67  82  47  80  88  62 
 85  59  77  63  44  56  87  52 
 59  70  73  92  88 166 164 113 
 83  92  58 116  84  83 159 189 
 51  69  47  93 129 111 111 207 
 64  53  70  86 108 142 110 108 
 62 108  72  59  92 117 133 125 
 72  55  85  85  61  98 152 149 
 75  60 107  78  88 112  99 139 
 60  82  93  67  77 101 129 125 
255 255 242 252 242 205 216 206 
242 255 255 242 239 217 206 228 
251 213 187 185 173 180 203 186 
159 250 251 196 172 180 214 226 
225 169 184 244 226 191 199 189 
209 161 212 192 224 255 197 225 
116 107  83 166 182 174 250 207 
183  81  87  80 114 186 188 233 
223 225 248 255 252 255 255 253 
219 229 246 252 254 255 255 255 
217 219 196 172 172 185 179 170 
207 211 179 153 178 209 207 199 
195 206 176 159 181 208 194 175 
212 217 193 173 178 200 192 173 
220 215 181 138  95  95  91  78 
206 208 196 162 107 104 112 105 
150  98  77  85  90 115 169 209 
112  98 107  84  70  94 125 176 
164 109  95  65  71  82  90 168 
185 127  75  55  85  88  83 143 
109 135  90  62  87  86  87  92 
115 147  90  65  82  69  85  83 
147 131  68  52  74  64  82  99 
103  99  74  47  68  81  82  91 
222 206 214 199 157 160 145 155 
231 225 218 221 193 203 194 205 
203 234 215 228 199 207 201 211 
160 239 229 236 197 202 201 208 
128 226 233 231 200 213 216 210 
122 200 226 224 215 234 236 217 
126 175 240 248 255 255 255 243 
100 138 245 255 255 255 255 255 
112 122 121 111 116 119 201 172 
117 131 120 115 116 119 196 182 
112 133 117 121 121 126 196 205 
107 134 112 126 125 128 193 219 
110 137 123 139 146 147 212 240 
112 133 126 137 143 142 216 233 
114 125 136 137 154 155 244 246 
120 124 142 138 160 166 255 255 
255 253 210 187 124 116  78  71 
243 233 202 192 134 121  91  93 
246 228 186 170 111 102  85  97 
254 237 191 157 103  97  79  75 
254 250 204 163 116 116  77  38 
240 237 193 144 115 126  88  33 
251 238 177 123  94 107  74  20 
255 253 194 140 107 103  64  11 
109 123 140 149 171 179 251 239 
112 123 134 141 164 177 255 251 
115 125 137 142 165 179 255 252 
114 127 141 148 167 177 251 243 
106 120 136 142 158 166 236 229 
109 122 136 139 155 165 239 235 
106 120 136 141 153 160 230 224 
 95 114 136 142 153 155 215 205 
255 231 153 118 117 115  27   7 
255 237 110 101  81 105  16   9 
255 233 100  95  84  80   5   0 
246 217 125  93 114  48  14   0 
233 179 101  63  96  15  14   0 
242 171  83  79  64  20   0   0 
219 147  73 100  33  22   0   6 
184 113  67  94   4   6   0  42 
 23   0   0   0  30 118 203 198 
 11   0   0   0  19  88 179 204 
  1   0   0   0   8  53 137 195 
  0   0   0   0   9  42 117 181 
  0   0   0   0   0  27  81 127 
  0   0   0   0   0  27  74 101 
  1   0   0   0   0  15  59  81 
  0   0   0   0   0   3  54  82 
186 193 172 176 165 145 107 123 
191 192 174 174 172 143 106 113 
204 189 168 147 164 121  98  97 
217 195 180 147 173 115  93  81 
166 153 164 137 180 115 100  85 
156 149 160 132 167 108 106 104 
136 139 151 122 157 101 112 124 
116 136 164 147 171 109 109 118 
  0   0   0   0   0  18  41  71 
  0   0   0   0   0  13  37  67 
  0   3   0   0   0   8  34  61 
  0   6   0   0   0   3  32  58 
  0   0   0   0   0   0  31  54 
 15   0   0   0   0   0  26  53 
 86   0   0   0   0   0  10  45 
157   0   0   0   0   0   0  39 
100 140 146 139 166 102 113 119 
104 139 151 148 168 113 108 114 
 96 114 157 140 188 130 131 133 
 97  96 162 122 195 132 147 144 
 98  93 134 109 157 117 127 131 
 94 106 107 125 125 123 118 132 
 79  99  93 125 118 113 123 130 
 73  89 103 113 135  93 133 119 
 86  81  96  66  59  51  78  60 
 79  71  86  62  63  60  86  64 
 89  76  87  66  71  69  89  60 
 87  73  85  62  66  62  80  50 
 85  77  91  66  65  61  83  57 
 98  91 105  78  72  65  89  67 
115 107 121  93  89  82 105  82 
106  97 111  87  89  86 112  89 
 62  91  84  92  76  92  78 106 
 79 104  95  99  75  83  64  87 
 67  88  82  96  72  82  67  92 
 67  80  74  90  61  69  58  80 
 70  74  67  89  57  67  60  82 
 72  68  67  96  64  75  71  93 
 96  87  80 109  65  68  57  72 
 84  74  73 109  68  72  60  74 
105 102 124  94  87  77  97  80 
105 104 126  95  87  78  97  85 
114 115 141 103  95  87 104 100 
125 127 155 108 101  93 104 109 
126 129 162 109 105 100 107 122 
118 121 155 100 102 102 104 126 
114 117 149  91  99 100  97 122 
118 118 149  86  97  97  87 115 
 90  79  75  97  74  72  64  80 
 85  75  71  92  67  65  57  72 
 95  86  83 102  75  75  68  82 
104  96  93 112  85  88  82  95 
107 100  95 110  82  85  79  91 
106  99  91 103  72  73  66  76 
106 100  92 103  70  74  65  73 
101  96  90 100  70  76  68  78 
128 123  65  16  56  58  82  90 
107 114  59  22  51  62  76  81 
 82  97  39  15  32  60  69  72 
 85  96  26  11  19  68  75  76 
 80  81   8   1  12  70  79  77 
 68  61   0   0  11  63  73  69 
 43  33   0   0   1  42  67  68 
 46  31   0   0   4  38  75  83 
 95 128 228 255 255 255 255 255 
101 128 222 255 255 255 255 255 
103 122 216 255 255 255 255 255 
100 124 216 255 255 255 255 254 
100 131 212 255 254 253 255 250 
 82 119 167 190 184 184 202 187 
112 160 180 179 184 187 206 196 
 91 152 164 156 171 181 202 195 
 47   2   0   0   8  15  86  71 
 42   7   0   0   2  10  93  65 
 35   4   0   0   0   7  92  60 
 35   0   0   0   0  13  77  69 
 32   0   0   0   0  20  56  81 
 32   0   0   0   0  16  43  85 
 48  50   0   0   0   4  41  70 
 66 101   0   0   0   0  45  55 
 84 133 192 183 158 185 176 176 
 83 129 184 146 106 125 130 119 
 83 119 170 131  74  80  86  65 
 62  89 139 149  90  90  94  95 
 69  84 110 162  93  87  99 146 
 80  90  95 155 111 114 146 220 
 60  74  75 127 168 196 235 255 
 77  87  84 117 225 255 255 245 
