 80 106 112 115 121 127 114 152 
 89 108 111 115 124 133 116 150 
 98 113 112 118 129 137 117 148 
104 119 116 122 133 141 119 149 
107 125 123 128 136 142 122 152 
111 131 129 135 143 148 125 154 
120 136 134 142 153 159 131 155 
127 138 134 144 162 167 136 154 
149 222 211 223 236 239 240 247 
146 221 215 225 237 241 242 251 
138 218 214 227 235 237 242 254 
131 214 214 226 233 235 241 255 
131 215 214 226 232 233 239 254 
138 220 218 228 234 235 240 255 
145 224 220 229 234 235 240 253 
147 225 217 227 232 234 237 249 
131 140 130 128 146 177 152 154 
146 161 162 168 177 186 141 136 
186 197 197 204 203 195 146 145 
125 130 123 125 123 124 101 125 
 87  93  89  93  95 111 114 161 
 87 100 103 109 112 130 131 175 
100 114 117 121 128 145 136 165 
113 123 119 124 136 162 150 173 
153 233 221 237 243 235 239 245 
138 232 241 237 229 242 247 243 
165 231 249 241 226 247 241 234 
122 125 129 138 128 136 115 121 
129 110 100 113 106 111  90 104 
134 158 145 141 132 145 141 147 
158 232 220 211 205 219 219 212 
142 232 216 219 221 222 217 203 
251 255 255 205 212 172 149 149 
255 255 255 201 211 172 148 148 
255 255 255 201 211 173 147 144 
255 255 255 202 216 178 148 141 
255 255 255 208 223 182 148 138 
255 255 255 209 223 180 145 133 
255 255 255 206 216 173 138 129 
255 255 255 202 210 166 132 125 
122 112 128 117  90  93 103 115 
120  90  98 111 113 126 131 135 
136  95  99 122 124 119  96  82 
124  81  78  89  90  95  87  82 
111  84  98 116 114 107  78  52 
125  71  59  74  87 102  94  84 
 78  35  65 138 181 191 178 175 
 76  45 105 206 239 212 177 175 
255 255 254 204 215 182 130 113 
242 255 255 239 233 189 135 118 
249 244 232 217 184 147 119 116 
132 130 130 143 119 110 114 113 
101  97  94 103  93  95 122 111 
132 125 121 121 128 119 156 137 
218 215 226 222 227 157 168 132 
205 198 212 211 229 143 164 143 
 88  77 140 212 227 208 179 169 
114 100 162 220 217 206 186 164 
100  84 160 224 211 209 192 150 
101  79 155 220 201 197 192 161 
105  83 142 179 132 109 126 146 
126 134 184 195 130  76  93 158 
126 165 204 206 167 105  97 172 
151 194 210 208 208 161 136 204 
126 164 169 163 195 172 136 179 
107 112 132 151 175 170 155 181 
 81  56  98 140 135 122 119 126 
 83 124 176 135  63  59  78  74 
 71  23  32  70  80  67  83 138 
 51  58  60  39  44  59  70  97 
145 117 112 104  98  87  67  61 
157 111 115 122 108  96  84  71 
187 190 165 120 149 245 195 150 
188 180 177 131 168 229 196 167 
148 148 163 133 161 195 138  98 
125 118 117 111 160 236 179 140 
133  89  87  92 187 252 201 154 
 85  21  49  66 208 252 223 182 
 92  48  47  47 155 247 244 232 
 13  36  21  37  90 255 255 255 
144 123 108 116 104  94 102  61 
147 135 116 115 103  92 100  71 
138 136 117 107  98  87  89  73 
139 135 114  97  98  93  88  85 
125  99  66  46  54  58  56  61 
152  97  61  45  51  62  65  78 
152  82  62  61  62  69  71  85 
141  70  71  88  85  85  81  91 
 27   1  15  38  37 249 255 251 
 26   0   4  22  40 226 235 224 
 38  10  14   0  11 133 133 137 
 28   3  12   8  65 160 165 179 
 72  22   9  17 120 197 179 170 
 64  21   9  23 129 193 178 170 
 86  63  61  68 136 183 178 183 
 91  70  67  77 135 179 176 176 
187 208 208 215 228 218 218 232 
201 222 213 207 222 223 215 212 
141 155 152 153 173 178 165 167 
169 173 178 186 204 201 189 212 
188 188 191 191 217 239 239 255 
202 202 195 164 187 232 243 255 
250 243 235 182 155 161 172 236 
255 255 255 229 164 120 139 254 
239 255 216 157 173 202 213 210 
241 255 206 115 131 190 214 197 
202 238 175  98 122 192 225 211 
237 255 219 185 197 219 238 238 
255 255 255 255 255 251 255 255 
255 255 255 255 255 255 255 255 
255 255 255 255 255 255 255 255 
255 255 255 255 255 255 255 255 
255 255 255 212 182 161 163 255 
233 240 241 202 203 215 193 222 
143 160 169 144 166 192 158 151 
185 188 197 191 204 213 193 200 
208 201 204 203 203 199 196 213 
194 191 188 183 182 187 186 183 
184 185 183 184 183 186 190 178 
181 179 183 197 188 179 191 193 
255 255 255 255 255 255 255 255 
234 227 231 243 241 225 219 228 
173 157 156 171 173 161 166 185 
210 201 201 210 212 209 216 230 
205 217 229 232 234 233 227 219 
179 197 208 208 212 221 219 209 
178 185 189 187 195 209 217 218 
200 201 205 208 211 212 216 221 
118 130 119 122 135 147 138 177 
113 125 115 119 130 140 130 169 
112 124 114 117 126 134 124 164 
115 125 116 121 127 131 120 162 
115 125 118 123 128 130 120 164 
116 125 118 125 128 129 120 168 
115 123 116 124 128 129 123 173 
118 126 118 126 130 132 127 178 
156 216 200 211 217 214 215 212 
150 210 194 201 206 207 208 202 
149 213 195 196 199 205 207 197 
131 195 174 172 177 187 189 179 
131 190 163 162 172 183 184 175 
146 198 167 170 179 185 188 183 
150 193 161 166 174 173 177 179 
159 197 163 171 177 171 174 180 
124 131 118 120 128 136 133 181 
128 135 120 122 129 137 136 183 
132 141 132 135 141 147 138 182 
134 147 144 152 157 157 143 184 
133 146 140 146 154 156 143 186 
130 136 124 126 134 143 139 187 
120 127 115 117 126 136 135 185 
113 123 116 122 132 140 135 181 
155 210 171 177 171 166 188 172 
158 209 174 184 177 167 186 174 
162 208 175 188 182 170 185 181 
156 196 168 182 177 167 180 185 
146 182 161 171 168 165 177 190 
147 185 169 172 170 177 187 201 
149 190 181 177 173 187 194 206 
142 187 182 174 170 186 191 199 
208 207 215 218 224 160 161 140 
198 200 211 218 227 165 167 146 
190 193 206 213 221 157 160 139 
177 182 193 200 209 146 155 136 
160 164 177 186 196 140 155 142 
163 167 178 184 192 136 154 141 
175 178 188 191 196 136 150 136 
172 177 190 194 199 138 151 138 
134 187 207 216 198 202 189 197 
123 215 206 235 218 189 198 195 
127 206 191 229 217 175 172 170 
127 139 163 221 224 211 183 189 
126  95 136 227 218 202 181 171 
124 106 115 224 203 158 167 129 
118 118 102 194 206 183 188 160 
125 114  93 139 190 211 176 175 
165 176 184 201 200 133 168 147 
168 175 182 198 200 137 168 145 
170 173 180 192 196 139 166 143 
170 170 178 184 188 139 165 147 
175 172 182 181 183 139 163 150 
186 177 190 185 187 149 163 148 
192 178 192 185 192 154 151 127 
198 178 191 186 197 159 144 109 
121 118 103 105 188 191 197 178 
128 126 108 112 193 195 189 157 
129 128 102 106 188 198 185 148 
119 127 106 114 190 208 194 160 
114 129 107 114 174 190 182 162 
133 140  98  89 125 140 147 154 
122 125  79  69  83  85  89 106 
 89 107  82  90  97  75  51  54 
125  68  77  96  96 107 106  88 
130  67  77 103 100 100  96  86 
104  44  59  94  98  95  93  93 
118  66  76 101 102  96  87  86 
102  67  73  83  91  96  87  83 
 73  48  53  59  75  90  87  88 
112  79  73  73  79  83  79  88 
125  85  75  76  83  78  74  95 
 83  92  59  72 159 185 201 195 
 90  80  56  86 173 184 189 181 
 88  83  81 116 171 153 155 164 
 79  74  81  99 127  88  76  82 
 99  94  99 114 165 147 122 113 
 91 107 120 127 192 191 166 174 
114 144 154 143 197 181 150 184 
114 137 138 132 207 192 149 190 
131 112  70  71  81  68  85  95 
110 107  76  71  71  58  76  88 
102  89  55  47  65  73  91  94 
145 128  89  63  73  80  84  81 
162 165 148 109  90  84  86  95 
141 137 125  88  77  80  82  99 
146 129 121  96  98 104  91 100 
 43  50  79  77  81  75  53  66 
125 141 139 149 199 189 200 215 
139 160 137 132 191 184 191 214 
125 125  99 130 200 147 101 109 
145 124 104 144 210 171 150 161 
141 124 121 141 183 184 214 224 
156 121 118 159 204 189 207 219 
129 123 102 126 196 186 196 224 
 80 185 177 127 188 207 212 229 
183 181 182 200 202 189 193 200 
195 193 191 203 208 201 195 191 
157 157 159 168 188 205 205 197 
 75  78  84  87 118 166 181 180 
104 110 117 105 129 185 202 207 
146 150 160 133 144 192 200 208 
173 169 177 143 146 193 195 207 
192 180 181 142 146 194 199 214 
203 197 205 209 204 205 216 222 
210 210 218 218 217 225 230 220 
203 214 221 204 188 194 201 189 
200 209 208 168 118  99 109 111 
204 214 224 210 175 162 182 198 
228 225 235 237 220 206 210 212 
210 213 227 236 235 236 234 224 
221 234 248 244 238 245 248 234 
201 200 180 152 144 190 196 207 
211 194 154 118 115 177 204 225 
110 109  98  97 116 181 196 205 
190 175 147 129 130 176 175 176 
224 200 161 133 129 175 179 186 
233 216 183 158 145 179 174 178 
226 209 177 150 137 173 178 192 
233 224 200 174 154 179 174 185 
222 219 230 244 255 255 255 249 
215 217 226 227 222 227 236 234 
210 217 224 203 170 157 162 161 
166 186 213 217 205 207 218 218 
183 199 222 230 231 239 241 229 
180 188 203 212 225 245 250 235 
202 207 216 216 222 240 247 232 
185 193 204 200 198 211 215 200 
114 121 115 123 127 131 128 182 
112 120 114 122 126 130 125 179 
105 115 110 118 129 135 131 182 
109 119 114 123 133 140 135 183 
104 116 116 123 139 147 139 185 
104 117 118 124 141 151 141 183 
113 127 128 133 148 157 139 178 
117 131 131 137 151 162 143 180 
143 201 215 215 191 206 194 193 
159 216 221 218 214 200 212 188 
150 196 199 204 159 190 130 132 
147 201 193 185 173 124 126  78 
158 194 183 178 108 128  56  60 
152 193 161 142 114  71  75  44 
142 170 142 136  86  95  48  46 
130 163 136 133 105  82  54  26 
124 159 149 152 157 156 124 156 
127 154 141 151 164 169 136 158 
150 178 168 177 178 174 132 148 
166 200 201 203 185 173 133 152 
 93 119 125 128 115 112  87 107 
113 119 113 121 121 137 119 131 
 94  94  90 102 111 130 116 123 
 94 105 116 131 131 144 129 139 
108 124 143  90 107  74  57  66 
 99 140 126  99  93  75  58  51 
 99 155 110 106  82  73  56  34 
115 150 110 107  79  68  42  24 
127 122 114  96  81  64  37  35 
138 110 115  84  77  49  31  33 
147 126 106  76  57  27  22  12 
135 134  90  71  42  17  30   6 
178 200 197 178 177 152 145 114 
156 162 174 175 153 116  94  79 
106  45  27  44  63  97  81  62 
 97  73  88  79  43  75  50  32 
 27  48 114 112  54  62  46  47 
 49  20  37  41  20  25  27  38 
 42  19  26  29  34  28  50  62 
 30  26  26  18  43  34  48  30 
 45  70  56  52  74  96  62  50 
 76  63  48  56  68  49  30  57 
 27  45  61  53  65  46  31  30 
 37  62  72  23  37  44  42  10 
 57  47  51  31  48  40  39  20 
 36  18  32  46  61  48  35  20 
 64  52  47  49  34  40  35  21 
 39  39  50  74  47  42  31  26 
 32  39  20  13  33  66  40  48 
 25  24  33  29  24  37  34  51 
 34  10  29  36  36  39  36  43 
 29   5  17  18  52  63  56  58 
 18  20  20   0  39  65  54  67 
 27  23   3   0  24  81  67  61 
 52  15   0   0  12 103  98  63 
 38   0   0   1   0  94 118  82 
 44  46  56  38  30  24  50  27 
 56  58  66  46  35  27  44  21 
 42  45  52  37  26  24  38  18 
 45  44  48  35  30  33  34  23 
 66  58  53  37  31  39  30  26 
 83  71  59  42  39  53  32  37 
 84  71  60  49  54  76  53  63 
 78  65  53  46  54  79  49  61 
 14  21  23  16  21  13   0  13 
 38  49  22  20   5   7   3  29 
 10  39   7  28   9  10  11  32 
 21  42   0   8   7  11  45  66 
  0  21   4  13  38   5  26  18 
 20  21   4   0  23   0  18  16 
 16  22  29  18  44  20  20  23 
 19  21  22  10  19  17  10  34 
 95 159 196 188 222 247 249 242 
 85 170 184 200 206 219 218 218 
 75  98 214 193 197 189 187 243 
 82 110  74 176 177 185 217 144 
  0  40  40  10 185 191 110 188 
 11  11  53  62  33 164 184  89 
  2  33  20  76 114  56 120 172 
 20  19  17  25  86 133  99 119 
 19  38  35   6  36  24  21  23 
 23  48  36  35  39  51  27  30 
 12  31  23  30  34  53  34  32 
 28  27  36  21  43  47  56  39 
 45  34  44  29  39  44  56  31 
 28  23  26  40  18  47  47  24 
 26  18  28  43  11  44  54  28 
 41  15  38  24   8  20  53  18 
 24  35  29  48  34 112 102  51 
 48  57  14  72  30  29  97 127 
 21  39   6  52  75  57  46 142 
 34  23  29  45  54  88  45  43 
 29  75  23  10  29  54  60  52 
 39  22  36  36   0  35  79  76 
 34  19  52  23  16  40  16  56 
 19  41  38  12   5  29  46  42 
245 254 232 242 229 192 200 190 
231 249 247 232 226 204 190 212 
227 189 162 160 148 155 177 160 
135 226 226 171 147 155 188 200 
181 125 139 199 184 149 162 152 
165 117 167 147 182 226 160 188 
 57  48  26 109 125 117 200 157 
124  22  30  23  57 129 138 183 
202 204 223 234 225 229 233 223 
198 208 221 227 227 237 238 227 
192 194 174 150 151 164 161 152 
182 186 157 131 157 188 189 181 
164 175 155 138 170 197 188 169 
181 186 172 152 167 189 186 167 
183 178 158 115  89  89  94  81 
169 171 173 139 101  98 115 108 
 88  36  14  22  27  52 111 151 
 50  36  44  21   7  31  67 118 
106  51  34   4   6  17  28 106 
127  69  14   0  20  23  21  81 
 59  85  34   6  24  23  26  31 
 65  97  34   9  19   6  24  22 
103  87  16   0  12   2  21  38 
 59  55  22   0   6  19  21  30 
176 160 189 174 152 155 153 163 
185 179 193 196 188 198 202 213 
154 185 189 202 195 203 213 223 
111 190 203 210 193 198 213 220 
 79 177 206 204 198 211 230 224 
 73 151 199 197 213 232 250 231 
 77 126 215 223 255 255 255 255 
 51  89 220 243 255 255 255 255 
107 117 129 119 140 143 132 103 
112 126 128 123 140 143 127 113 
111 132 117 121 134 139 113 122 
106 133 112 126 138 141 110 136 
110 137 115 131 138 139 108 136 
112 133 118 129 135 134 112 129 
115 126 121 122 130 131 124 126 
121 125 127 123 136 142 147 139 
141 130 117  94  31  23  24  17 
120 110 109  99  41  28  37  39 
113  95  92  76  24  15  39  51 
121 104  97  63  16  10  33  29 
108 104 110  69  38  38  45   6 
 94  91  99  50  37  48  56   1 
102  89  89  35  29  42  57   3 
123 104 106  52  42  38  47   0 
114 128 120 129 137 145 124 112 
117 128 114 121 130 143 130 124 
124 134 118 123 131 145 137 132 
123 136 122 129 133 143 131 123 
119 133 121 127 131 139 127 120 
122 135 121 124 128 138 130 126 
121 135 124 129 131 138 131 125 
110 129 124 130 131 133 116 106 
115  84  77  42  66  64  18   0 
122  90  34  25  30  54   7   0 
125 100  42  37  43  39   2   0 
113  84  67  35  73   7  11   0 
118  64  59  21  64   0  11   0 
127  56  41  37  32   0   0   0 
116  44  40  67   5   0   0   1 
 81  10  34  61   0   0   0  37 
 29   5   0   0   0  88 124 119 
 17   0   0   0   0  58 100 125 
 11   0   0   0   0  36  81 139 
  9   0   0   0   0  25  61 125 
  4   0   0   0   0  26  52  98 
  3   0   0   0   0  26  45  72 
  1   0   0   0   0  21  48  70 
  0   0   0   0   0   9  43  71 
 61  68  37  41  57  37  32  48 
 66  67  39  39  64  35  31  38 
105  90  54  33  69  26  23  22 
118  96  66  33  78  20  18   6 
101  88  74  47  93  28  22   7 
 91  84  70  42  80  21  28  26 
 95  98  79  50  69  13  20  32 
 75  95  92  75  83  21  17  26 
  0   0   0   0   0  22  37  67 
  0   0   0   0   0  17  33  63 
  0   0   0   0   0   6  29  56 
  0   0   0   0   0   1  27  53 
  0   0   0   0   0   1  30  53 
 19   0   0   0   0   2  25  52 
102   0   0   0   1   5  15  50 
173   3   0   0   5   5   4  44 
 68 108  83  76  75  11   7  13 
 72 107  88  85  77  22   2   8 
 73  91 102  85  99  41  21  23 
 74  73 107  67 106  43  37  34 
 85  80  93  68  80  40  26  30 
 81  93  66  84  48  46  17  31 
 72  92  61  93  53  48  35  42 
 66  82  71  81  70  28  45  31 
 30  25  48  18  21  13  38  20 
 23  15  38  14  25  22  46  24 
 26  13  33  12  27  25  44  15 
 24  10  31   8  22  18  35   5 
 11   3  28   3  14  10  32   6 
 24  17  42  15  21  14  38  16 
 32  24  47  19  26  19  44  21 
 23  14  37  13  26  23  51  28 
 10  39  22  30  14  30  21  49 
 27  52  33  37  13  21   7  30 
 12  33  20  34  12  22  12  37 
 12  25  12  28   1   9   3  25 
 10  14   5  27   0  10  10  32 
 12   8   5  34   7  18  21  43 
 29  20  16  45   8  11   9  24 
 17   7   9  45  11  15  12  26 
 14  11  45  15  16   6  29  12 
 14  13  47  16  16   7  29  17 
 20  21  57  19  18  10  26  22 
 31  33  71  24  24  16  26  31 
 33  36  76  23  26  21  24  39 
 25  28  69  14  23  23  21  43 
 21  24  64   6  17  18  12  37 
 25  25  64   1  15  15   2  30 
 16   5   6  28  14  12  15  31 
 11   1   2  23   7   5   8  23 
 15   6   7  26  13  13  17  31 
 24  16  17  36  23  26  31  44 
 22  15  14  29  15  18  23  35 
 21  14  10  22   5   6  10  20 
 19  13   6  17   0   2   7  15 
 14   9   4  14   0   4  10  20 
 63  58  29   0  23  25  20  28 
 42  49  23   0  18  29  14  19 
 29  44  12   0   4  32   9  12 
 32  43   0   0   0  40  15  16 
 42  43   0   0   0  50  24  22 
 30  23   0   0   0  43  18  14 
 22  12   0   0   0  32  17  18 
 25  10   0   0   0  28  25  33 
 34  67 206 251 255 255 255 255 
 40  67 200 248 255 255 255 255 
 42  61 191 242 255 255 255 255 
 39  63 191 248 255 255 255 249 
 39  70 183 232 248 247 254 237 
 21  58 138 161 178 178 189 174 
 51  99 149 148 173 176 188 178 
 30  91 133 125 160 170 184 177 
 37   0   0   0   4  11  37  22 
 32   0   0   0   0   6  44  16 
 33   2   0   0   0   6  46  14 
 33   0   0   2   0  12  31  23 
 30   0   0   1   0  19   9  34 
 30   0   0   0   0  15   0  38 
 43  45   0   0   0   2   0  25 
 61  96   1   0   0   0   0  10 
 23  72 160 151 146 173 160 160 
 22  68 152 114  94 113 114 103 
 22  58 139 100  68  74  76  55 
  1  28 108 118  84  84  84  85 
 12  27  86 138  93  87  96 143 
 23  33  71 131 111 114 143 217 
  3  17  52 104 171 199 239 255 
 20  30  61  94 228 255 255 249 
