 81 107 107 110 111 117 101 139 
 90 109 106 110 114 123 103 137 
110 125 120 126 133 141 116 147 
116 131 124 130 137 145 118 148 
132 150 143 148 150 156 128 158 
136 156 149 155 157 162 131 160 
145 161 155 163 166 172 136 160 
152 163 155 165 175 180 141 159 
140 213 209 221 242 245 251 255 
137 212 213 223 243 247 253 255 
138 218 219 232 247 249 255 255 
131 214 219 231 245 247 255 255 
137 221 226 238 249 250 255 255 
144 226 230 240 251 252 255 255 
149 228 227 236 245 246 255 255 
151 229 224 234 243 245 253 255 
149 158 141 139 150 181 148 150 
164 179 173 179 181 190 137 132 
195 206 202 209 199 191 135 134 
134 139 128 130 119 120  90 114 
 98 104  95  99  92 108 106 153 
 98 111 109 115 109 127 123 167 
116 130 128 132 132 149 135 164 
129 139 130 135 140 166 149 172 
148 228 218 234 245 237 244 250 
133 227 238 234 231 244 252 248 
152 218 240 232 220 241 242 235 
109 112 120 129 122 130 116 122 
120 101  94 107 106 111  96 110 
125 149 139 135 132 145 147 153 
156 230 222 213 212 226 232 225 
140 230 218 221 228 229 230 216 
255 255 255 210 215 175 140 140 
255 255 255 206 214 175 139 139 
255 255 255 205 214 176 139 136 
255 255 255 206 219 181 140 133 
255 255 255 211 223 182 138 128 
255 255 255 212 223 180 135 123 
255 255 255 209 216 173 126 117 
255 255 255 205 210 166 120 113 
105  95 107  96  73  76  95 107 
103  73  77  90  96 109 123 127 
116  75  79 102 109 104  87  73 
104  61  58  69  75  80  78  73 
 93  66  77  95  97  90  69  43 
107  53  38  53  70  85  85  75 
 59  16  42 115 165 175 168 165 
 57  26  82 183 223 196 167 165 
255 255 255 205 213 180 119 102 
241 255 255 240 231 187 124 107 
249 244 233 218 182 145 107 104 
132 130 131 144 117 108 102 101 
103  99  97 106  92  94 111 100 
134 127 124 124 127 118 145 126 
221 218 230 226 225 155 155 119 
208 201 216 215 227 141 151 130 
 69  58 117 189 208 189 167 157 
 95  81 139 197 198 187 174 152 
 77  61 135 199 191 189 179 137 
 78  56 130 195 181 177 179 148 
 82  60 115 152 110  87 108 128 
103 111 157 168 108  54  75 140 
100 139 175 177 142  80  79 154 
125 168 181 179 183 136 118 186 
133 171 175 169 201 178 141 184 
114 119 138 157 181 176 160 186 
 79  54  98 140 138 125 123 130 
 81 122 176 135  66  62  82  78 
 57   9  21  59  72  59  78 133 
 37  44  49  28  36  51  65  92 
123  95  91  83  81  70  55  49 
135  89  94 101  91  79  72  59 
194 197 170 125 152 248 198 153 
195 187 182 136 171 232 199 170 
152 152 166 136 164 198 140 100 
129 122 120 114 163 239 181 142 
132  88  88  93 190 255 203 156 
 84  20  50  67 211 255 225 184 
 85  41  43  43 153 245 243 231 
  6  29  17  33  88 255 255 255 
117  96  84  92  83  73  86  45 
120 108  92  91  82  71  84  55 
112 110  93  83  75  64  70  54 
113 109  90  73  75  70  69  66 
104  78  46  26  33  37  37  42 
131  76  41  25  30  41  46  59 
134  64  45  44  43  50  52  66 
123  52  54  71  66  66  62  72 
 14   0   6  29  28 240 255 242 
 13   0   0  13  31 217 226 215 
 22   0   0   0   0 117 117 121 
 12   0   0   0  49 144 149 163 
 52   2   0   0  97 174 155 146 
 44   1   0   2 106 170 154 146 
 65  42  36  43 108 155 149 154 
 70  49  42  52 107 151 147 147 
184 205 205 212 227 217 217 231 
198 219 210 204 221 222 214 211 
125 139 140 141 165 170 160 162 
153 157 166 174 196 193 184 207 
154 154 162 162 195 217 222 253 
168 168 166 135 165 210 226 255 
203 196 192 139 120 126 146 210 
223 213 228 186 129  85 113 228 
238 255 211 152 163 192 201 198 
240 255 201 110 121 180 202 185 
197 233 167  90 112 182 213 199 
232 253 211 177 187 209 226 226 
255 255 255 255 255 242 246 255 
247 255 255 255 255 250 255 255 
254 255 255 255 253 243 255 255 
255 255 255 255 255 249 255 255 
224 210 211 166 143 122 134 226 
182 189 195 156 164 176 164 193 
 95 112 126 101 128 154 127 120 
137 140 154 148 166 175 162 169 
170 163 168 167 169 165 167 184 
156 153 152 147 148 153 157 154 
153 154 155 156 155 158 164 152 
150 148 155 169 160 151 165 167 
252 250 255 255 255 248 247 251 
210 203 212 224 222 206 200 209 
147 131 130 145 147 135 140 159 
184 175 175 184 186 183 190 204 
176 188 198 201 200 199 191 183 
150 168 177 177 178 187 183 173 
150 157 156 154 157 171 177 178 
172 173 172 175 173 174 176 181 
124 136 138 141 143 155 123 162 
119 131 134 138 138 148 115 154 
116 128 131 134 135 143 108 148 
119 129 133 138 136 140 104 146 
119 129 134 139 137 139 106 150 
120 129 134 141 137 138 106 154 
119 127 132 140 136 137 109 159 
122 130 134 142 138 140 113 164 
153 213 229 240 245 242 213 210 
147 207 223 230 234 235 206 200 
147 211 224 225 231 237 211 201 
129 193 203 201 209 219 193 183 
129 188 199 198 207 218 193 184 
144 196 203 206 214 220 197 192 
151 194 197 202 212 211 189 191 
160 198 199 207 215 209 186 192 
127 134 133 135 135 143 120 168 
131 138 135 137 136 144 123 170 
134 143 145 148 147 153 123 167 
136 149 157 165 163 163 128 169 
133 146 154 160 158 160 126 169 
130 136 138 140 138 147 122 170 
121 128 127 129 128 138 116 166 
114 124 128 134 134 142 116 162 
156 211 206 212 209 204 200 184 
159 210 209 219 215 205 198 186 
160 206 210 223 216 204 193 189 
154 194 203 217 211 201 188 193 
142 178 190 200 198 195 180 193 
143 181 198 201 200 207 190 204 
141 182 206 202 200 214 193 205 
134 179 207 199 197 213 190 198 
230 229 226 229 220 156 142 121 
220 222 222 229 223 161 148 127 
216 219 221 228 221 157 144 123 
203 208 208 215 209 146 139 120 
192 196 198 207 201 145 143 130 
195 199 199 205 197 141 142 129 
205 208 209 212 200 140 138 124 
202 207 211 215 203 142 139 126 
109 162 188 197 186 190 182 190 
 98 190 187 216 206 177 191 188 
104 183 171 209 202 160 164 162 
104 116 143 201 209 196 175 181 
106  75 113 204 200 184 165 155 
104  86  92 201 185 140 151 113 
 96  96  77 169 181 158 166 138 
103  92  68 114 165 186 154 153 
189 200 200 217 204 137 155 134 
192 199 198 214 204 141 155 132 
189 192 193 205 198 141 157 134 
189 189 191 197 190 141 156 138 
191 188 193 192 186 142 158 145 
202 193 201 196 190 152 158 143 
207 193 203 196 198 160 151 127 
213 193 202 197 203 165 144 109 
100  97  77  79 163 166 171 152 
107 105  82  86 168 170 163 131 
111 110  81  85 167 177 165 128 
101 109  85  93 169 187 174 140 
104 119  95 102 162 178 172 152 
123 130  86  77 113 128 137 144 
119 122  74  64  80  82  87 104 
 86 104  77  85  94  72  49  52 
 99  42  40  59  53  64  65  47 
104  41  40  66  57  57  55  45 
 85  25  30  65  64  61  60  60 
 99  47  47  72  68  62  54  53 
 89  54  52  62  64  69  65  61 
 60  35  32  38  48  63  65  66 
 94  61  48  48  51  55  54  63 
107  67  50  51  55  50  49  70 
 53  62  35  48 131 157 168 162 
 60  50  32  62 145 156 156 148 
 66  61  65 100 149 131 128 137 
 57  52  65  83 105  66  49  55 
 84  79  88 103 147 129  96  87 
 76  92 109 116 174 173 140 148 
100 130 139 128 174 158 117 151 
100 123 123 117 184 169 116 157 
103  84  38  39  47  34  57  67 
 82  79  44  39  37  24  48  60 
 72  59  22  14  32  40  65  68 
115  98  56  30  40  47  58  55 
137 140 122  83  67  61  72  81 
116 112  99  62  54  57  68  85 
129 112 105  80  85  91  87  96 
 26  33  63  61  68  62  49  62 
106 122 117 127 166 156 153 168 
120 141 115 110 158 151 144 167 
107 107  77 108 160 107  46  54 
127 106  82 122 170 131  95 106 
134 117 106 126 149 150 165 175 
149 114 103 144 170 155 158 170 
131 125  98 122 172 162 153 181 
 82 187 173 123 164 183 169 186 
155 153 154 172 175 162 169 176 
167 165 163 175 181 174 171 167 
130 130 133 142 163 180 180 172 
 48  51  58  61  93 141 156 155 
 77  83  91  79 106 162 179 184 
119 123 134 107 121 169 177 185 
146 142 150 116 123 170 174 186 
165 153 154 115 123 171 178 193 
180 174 180 184 178 179 190 196 
187 187 193 193 191 199 204 194 
181 192 198 181 164 170 176 164 
178 187 185 145  94  75  84  86 
183 193 203 189 155 142 160 176 
207 204 214 216 200 186 188 190 
192 195 207 216 215 216 214 204 
203 216 228 224 218 225 228 214 
173 172 152 124 118 164 173 184 
183 166 126  90  89 151 181 202 
 77  76  66  65  87 152 171 180 
157 142 115  97 101 147 150 151 
186 162 125  97  97 143 151 158 
195 178 147 122 113 147 146 150 
187 170 141 114 103 139 148 162 
194 185 164 138 120 145 144 155 
201 198 210 224 235 246 245 230 
194 196 206 207 202 207 217 215 
187 194 201 180 148 135 141 140 
143 163 190 194 183 185 197 197 
156 172 198 206 207 215 219 207 
153 161 179 188 201 221 228 213 
174 179 190 190 196 214 222 207 
157 165 178 174 172 185 190 175 
120 127 112 120 119 123 116 170 
118 126 111 119 118 122 113 167 
119 129 117 125 125 131 121 172 
123 133 121 130 129 136 125 173 
125 137 131 138 142 150 133 179 
125 138 133 139 144 154 135 177 
127 141 141 146 156 165 141 180 
131 145 144 150 159 170 145 182 
138 196 217 217 197 212 204 203 
154 211 223 220 220 206 222 198 
143 189 198 203 163 194 141 143 
140 194 192 184 177 128 137  89 
148 184 177 172 109 129  62  66 
142 183 155 136 115  72  81  50 
137 165 133 127  78  87  42  40 
125 158 127 124  97  74  48  20 
122 157 155 158 166 165 134 166 
125 152 147 157 173 178 146 168 
142 170 167 176 183 179 137 153 
158 192 200 202 190 178 138 157 
 92 118 126 129 116 113  81 101 
112 118 114 122 122 138 113 125 
 99  99  96 108 107 126 100 107 
 99 110 122 137 127 140 113 123 
105 121 131  78  89  56  39  48 
 96 137 114  87  75  57  40  33 
 94 150  97  93  65  56  39  17 
110 145  97  94  62  51  25   7 
112 107  99  81  73  56  39  37 
123  95 100  69  69  41  33  35 
121 100  89  59  59  29  43  33 
109 108  73  54  44  19  51  27 
181 203 213 194 184 159 138 107 
159 165 190 191 160 123  87  72 
115  54  49  66  79 113  82  63 
106  82 110 101  59  91  51  33 
 33  54 131 129  69  77  50  51 
 55  26  54  58  35  40  31  42 
 33  10  25  28  34  28  46  58 
 21  17  25  17  43  34  44  26 
 42  67  46  42  59  81  65  53 
 73  60  38  46  53  34  33  60 
 32  50  55  47  55  36  35  34 
 42  67  66  17  27  34  46  14 
 59  49  44  24  36  28  37  18 
 38  20  25  39  49  36  33  18 
 55  43  34  36  19  25  27  13 
 30  30  37  61  32  27  23  18 
 18  25  10   3  31  64  37  45 
 11  10  23  19  22  35  31  48 
 32   8  24  31  40  43  40  47 
 27   3  12  13  56  67  60  62 
 28  30  20   0  45  71  58  71 
 37  33   3   0  30  87  71  65 
 64  27   0   0  15 106  97  62 
 50   1   0   0   0  97 117  81 
 34  36  45  27  24  18  47  24 
 46  48  55  35  29  21  41  18 
 35  38  49  34  36  34  48  28 
 38  37  45  32  40  43  44  33 
 55  47  47  31  40  48  37  33 
 72  60  53  36  48  62  39  44 
 61  48  43  32  53  75  49  59 
 55  42  36  29  53  78  45  57 
  6  13  25  18  40  32  25  42 
 30  41  24  22  24  26  32  58 
 10  39  12  33  26  27  34  55 
 21  42   1  13  24  28  68  89 
  7  29  13  22  49  16  41  33 
 28  29  13   0  34   2  33  31 
 30  36  36  25  47  23  21  24 
 33  35  29  17  22  20  11  35 
128 192 221 213 234 255 252 245 
118 203 209 225 218 231 221 221 
104 127 239 218 219 211 203 255 
111 139  99 201 199 207 233 160 
 10  61  67  37 217 223 145 223 
 32  32  80  89  65 196 219 124 
 10  41  42  98 151  93 168 220 
 28  27  39  47 123 170 147 167 
 31  50  40  11  32  20  16  18 
 35  60  41  40  35  47  22  25 
 19  38  26  33  30  49  29  27 
 35  34  39  24  39  43  51  34 
 47  36  47  32  40  45  59  34 
 30  25  29  43  19  48  50  27 
 28  20  30  45  17  50  65  39 
 43  17  40  26  14  26  64  29 
 25  36  47  66  69 147 149  98 
 49  58  32  90  65  64 144 174 
 22  40  19  65 101  83  82 178 
 35  24  42  58  80 114  81  79 
 36  82  39  26  49  74  86  78 
 46  29  52  52  18  55 105 102 
 49  34  66  37  34  58  33  73 
 34  56  52  26  23  47  63  59 
226 235 206 216 195 158 160 150 
212 230 221 206 192 170 150 172 
234 196 159 157 132 139 150 133 
142 233 223 168 131 139 161 173 
215 159 162 222 189 154 150 140 
199 151 190 170 187 231 148 176 
 96  87  55 138 140 132 199 156 
163  61  59  52  72 144 137 182 
164 166 193 204 205 209 221 211 
160 170 191 197 207 217 226 215 
160 162 141 117 122 135 135 126 
150 154 124  98 128 159 163 155 
141 152 126 109 140 167 158 139 
158 163 143 123 137 159 156 137 
171 166 141  98  71  71  77  64 
157 159 156 122  83  80  98  91 
115  63  34  42  37  62 115 155 
 77  63  64  41  17  41  71 122 
125  70  45  15  12  23  31 109 
146  88  25   5  26  29  24  84 
 82 108  52  24  34  33  26  31 
 88 120  52  27  29  16  24  22 
135 119  41  25  26  16  21  38 
 91  87  47  20  20  33  21  30 
176 160 188 173 155 158 158 168 
185 179 192 195 191 201 207 218 
157 188 193 206 204 212 223 233 
114 193 207 214 202 207 223 230 
 75 173 202 200 194 207 226 220 
 69 147 195 193 209 228 246 227 
 69 118 199 207 235 241 254 238 
 43  81 204 227 255 244 255 255 
123 133 136 126 131 134 133 104 
128 142 135 130 131 134 128 114 
119 140 123 127 123 128 117 126 
114 141 118 132 127 130 114 140 
111 138 117 133 128 129 114 142 
113 134 120 131 125 124 118 135 
108 119 117 118 120 121 133 135 
114 118 123 119 126 132 156 148 
144 133 105  82  29  21  22  15 
123 113  97  87  39  26  35  37 
117  99  83  67  24  15  39  51 
125 108  88  54  16  10  33  29 
117 113 103  62  40  40  47   8 
103 100  92  43  39  50  58   3 
109  96  83  29  35  48  64  10 
130 111 100  46  48  44  54   1 
106 120 118 127 131 139 133 121 
109 120 112 119 124 137 139 133 
120 130 118 123 127 141 146 141 
119 132 122 129 129 139 140 132 
120 134 127 133 127 135 135 128 
123 136 127 130 124 134 138 134 
126 140 131 136 129 136 137 131 
115 134 131 137 129 131 122 112 
124  93  71  36  74  72  31  11 
131  99  28  19  38  62  20  13 
131 106  34  29  56  52  22  11 
119  90  59  27  86  20  31   8 
121  67  49  11  78   0  38  18 
130  59  31  27  46   2  22  14 
117  45  29  56  20   9  15  31 
 82  11  23  50   0   0  23  67 
 18   0   3   0  20 108 135 130 
  6   0   0   0   9  78 111 136 
  3   0   0   0   9  54  89 147 
  1   0   0   0  10  43  69 133 
  4   0   1   0  10  41  61 107 
  3   0   2   0   7  41  54  81 
 11   0   9   8   7  36  58  80 
 10   0   9  14   1  24  53  81 
 58  65  26  30  58  38  46  62 
 63  64  28  28  65  36  45  52 
 98  83  43  22  67  24  39  38 
111  89  55  22  76  18  34  22 
 96  83  66  39  95  30  39  24 
 86  79  62  34  82  23  45  43 
 93  96  79  50  78  22  40  52 
 73  93  92  75  92  30  37  46 
  5   3  12  16   2  40  48  78 
  7   5   3  12   8  35  44  74 
  8  13   0   9  13  24  43  70 
  0  16   5  12  16  19  41  67 
  0   9  11  10  10  12  43  66 
 35   1  10   6   6  13  38  65 
114   5   5   5   7  11  26  61 
185  15   4   7  11  11  15  55 
 78 118  91  84  90  26  27  33 
 82 117  96  93  92  37  22  28 
 87 105 116  99 113  55  36  38 
 88  87 121  81 120  57  52  49 
 99  94 108  83  90  50  31  35 
 95 107  81  99  58  56  22  36 
 87 107  75 107  59  54  31  38 
 81  97  85  95  76  34  41  27 
 40  35  58  28  27  19  45  27 
 33  25  48  24  31  28  53  31 
 38  25  42  21  33  31  53  24 
 36  22  40  17  28  24  44  14 
 25  17  38  13  22  18  40  14 
 38  31  52  25  29  22  46  24 
 47  39  59  31  36  29  55  32 
 38  29  49  25  36  33  62  39 
 21  50  36  44  30  46  36  64 
 38  63  47  51  29  37  22  45 
 24  45  34  48  28  38  26  51 
 24  37  26  42  17  25  17  39 
 24  28  19  41  15  25  22  44 
 26  22  19  48  22  33  33  55 
 45  36  31  60  23  26  21  36 
 33  23  24  60  26  30  24  38 
 29  26  56  26  27  17  41  24 
 29  28  58  27  27  18  41  29 
 34  35  68  30  28  20  41  37 
 45  47  82  35  34  26  41  46 
 44  47  87  34  37  32  39  54 
 36  39  80  25  34  34  36  58 
 30  33  72  14  27  28  28  53 
 34  34  72   9  25  25  18  46 
 32  21  23  45  30  28  31  47 
 27  17  19  40  23  21  24  39 
 33  24  26  45  29  29  33  47 
 42  34  36  55  39  42  47  60 
 42  35  35  50  33  36  41  53 
 41  34  31  43  23  24  28  38 
 39  33  29  40  18  22  26  34 
 34  29  27  37  18  24  29  39 
 84  79  37   0  30  32  34  42 
 63  70  31   0  25  36  28  33 
 48  63  20   0   9  37  23  26 
 51  62   7   0   0  45  29  30 
 61  62   3   0   0  56  36  34 
 49  42   0   0   0  49  30  26 
 37  27   0   0   0  37  29  30 
 40  25   0   0   0  33  37  45 
 45  78 202 247 255 255 255 255 
 51  78 196 244 255 255 255 255 
 51  70 186 237 243 245 248 243 
 48  72 186 243 247 245 248 233 
 48  79 177 226 230 229 236 219 
 30  67 132 155 160 160 171 156 
 60 108 142 141 154 157 170 160 
 39 100 126 118 141 151 166 159 
 53   8   0   0  11  18  53  38 
 48  13   0   0   5  13  60  32 
 48  17   0   6   4  14  65  33 
 48   5   0  10   4  20  50  42 
 45   0   0   9   8  29  33  58 
 45   7   0   2   7  25  20  62 
 59  61   3   1   8  15  21  50 
 77 112  11   3   8   1  25  35 
 34  83 158 149 132 159 145 145 
 33  79 150 112  80  99  99  88 
 42  78 143 104  59  65  66  45 
 21  48 112 122  75  75  74  75 
 37  52  95 147  92  86  96 143 
 48  58  80 140 110 113 143 217 
 32  46  68 120 176 204 241 255 
 49  59  77 110 233 255 255 251 
