 80  87  98 104 109 111 110 108 
 81  89 101 108 111 112 115 116 
 80  90 106 112 112 112 117 124 
 82  93 110 114 110 107 116 128 
 89  99 115 120 114 107 116 130 
 95 105 121 127 120 110 118 135 
 96 105 123 132 125 115 121 136 
 94 102 121 130 127 116 121 136 
119 124 123 130 127  95 143 169 
120 128 127 129 124  94 139 162 
121 135 132 127 122  95 138 155 
121 138 136 129 123  99 142 152 
121 139 140 134 128 103 146 157 
122 138 140 138 133 105 147 161 
123 135 137 142 135 102 145 164 
126 134 135 144 136  99 142 164 
 97 109 121 120 120 122 128 132 
 99 113 129 129 127 129 135 139 
104 121 137 136 132 131 137 143 
104 122 139 138 131 129 135 140 
105 123 142 142 135 132 139 146 
109 126 143 143 139 140 150 157 
116 129 140 139 138 141 149 156 
121 130 137 132 132 134 140 146 
128 131 138 140 137 108 143 167 
137 139 147 147 142 113 146 168 
139 143 150 149 142 114 146 167 
143 145 150 146 141 115 148 168 
156 157 156 148 143 119 152 169 
162 163 162 150 144 119 147 161 
157 162 164 155 150 123 147 157 
153 162 168 163 160 135 157 162 
134 161 216 201 201 206 207 220 
134 161 216 202 203 208 210 221 
134 160 215 202 205 212 212 222 
133 160 216 203 206 212 212 221 
128 157 217 206 206 210 209 218 
117 153 218 208 205 206 206 218 
102 144 216 208 203 204 204 219 
 91 138 215 209 203 203 205 222 
228 228 231 231 234 238 242 246 
229 230 233 233 237 240 245 249 
229 229 232 232 237 240 246 249 
227 227 230 231 235 239 245 249 
225 226 230 231 235 240 246 251 
226 227 232 233 238 244 249 254 
225 226 231 232 238 243 251 255 
222 224 229 231 236 241 249 254 
109 132 197 209 207 195 204 216 
107 144 208 209 204 201 212 219 
104 157 218 207 200 203 216 221 
109 161 218 204 202 202 211 218 
117 163 213 204 208 202 203 216 
120 167 214 205 215 207 203 219 
109 172 220 202 214 212 207 219 
 95 175 226 198 208 215 212 220 
220 221 226 229 237 243 249 252 
226 226 230 231 239 244 249 252 
227 227 231 234 238 243 248 251 
225 225 230 231 237 240 247 249 
222 223 228 229 237 242 248 251 
223 223 228 230 238 243 249 253 
224 224 228 229 236 240 246 249 
223 223 227 228 232 236 241 244 
250 255 255 255 255 240 212 204 
250 255 255 255 255 238 205 192 
252 255 255 255 255 238 198 181 
255 255 255 255 255 242 199 177 
255 255 255 255 255 245 203 182 
255 255 255 255 255 245 206 187 
255 255 255 255 255 242 202 185 
253 255 255 255 255 238 198 180 
197 214 169 145 140 160 174 140 
181 207 172 151 141 158 174 143 
164 200 174 155 141 154 170 143 
160 199 175 157 141 151 167 139 
173 206 177 158 144 154 167 136 
187 215 182 160 146 158 170 139 
186 215 182 159 144 155 171 142 
180 211 180 156 140 152 170 143 
253 255 255 255 255 237 200 185 
251 255 255 255 255 240 203 188 
250 255 255 255 255 240 205 190 
249 255 255 255 255 239 202 187 
248 255 255 255 255 234 197 180 
248 255 255 255 255 232 193 177 
248 255 255 255 255 233 193 176 
248 255 255 255 255 234 194 177 
184 215 172 153 129 150 160 135 
196 219 174 161 135 148 157 138 
193 213 169 162 137 150 158 142 
187 212 168 153 130 149 156 128 
181 218 171 140 117 150 153 107 
170 215 168 133 115 158 161 107 
166 208 162 133 120 161 165 113 
179 212 164 138 121 153 154 107 
122 124 118 118 123 119 116 125 
115 123 118 112 113 116 117 125 
117 131 122 105 103 113 117 120 
127 137 117  88  90 110 116 112 
129 133 106  73  84 115 121 112 
130 130  97  69  87 123 130 119 
131 129  97  71  84 112 114 104 
128 126  95  66  70  87  83  74 
122  63  82 101  84 102 116  96 
118  63  83 115 112 121 130 121 
101  96 117 115 113 143 150 135 
124 137 149 130 131 154 136 109 
135 115 119 135 153 147 115 106 
130 110 103  85  69  59  46  55 
100 104 115  87  67  89 103 109 
100  76  90  97  91  91  72  52 
124 128  88  69  76  90 122 152 
121 117  90  73  96  89 103 105 
125 118  86  89  97  91  80  68 
114 104  54  70  52  67  59  66 
111  84  37  32  26  47  90 119 
115  66  42  17  53  67 158 191 
102  47  23  31  80 115 193 215 
 99  55  10  76 105 177 206 224 
156 157 146 122  95  77  67  64 
 75  66  58  60  72  75  60  42 
 56  62  66  68  66  64  55  46 
102 127 146 140 122 111 114 121 
175 184 190 187 181 175 170 165 
212 212 206 198 191 185 176 167 
203 210 210 198 184 177 177 179 
223 223 216 202 187 177 172 167 
 97 153 194 183 165 161 156 141 
126 137 133 118 134 173 192 183 
 98  78  79 103 112 106 131 171 
 95 105 118 135 160 175 162 139 
 75  61  40  36  71 127 167 179 
103  85  90 114 110  78  70  87 
112 123 131 147 184 200 157  93 
 69  77  79  95 146 195 186 148 
149 178 184 150 125 136 163 178 
192 157 172 177 131 133 174 176 
202 203 198 171 139 134 161 186 
128 167 176 165 163 153 155 183 
150 114 125 154 146 139 157 167 
148 128 108 100  95  86  95 116 
 47  98  89  64  76  64  49  76 
 66  59  59  65  65  66  83 106 
 47  52  41  23  27  62  98 116 
 59  62  55  35  19  14  13   7 
 30  31  33  34  37  36  35  35 
105  90  78  74  73  67  66  69 
142 125 112 113 113 105 102 103 
166 147 128 119 114 107 103 104 
151 136 118 107 107 111 117 120 
155 146 132 120 116 115 113 109 
 92  90  65  64  94 100 123 185 
 55  82  73  59  78  97 111 132 
 27  54  62  51  57  84 104 106 
 55  46  52  55  48  62  96 112 
102  73  71  72  51  46  70  84 
116 102 102  92  67  59  59  48 
106 106 106  97  84  78  66  45 
110 104  98  96  92  84  73  65 
185 186 183 180 183 176 146 113 
185 183 180 178 178 163 124  88 
185 179 176 180 180 162 129  99 
191 185 180 183 183 171 154 139 
175 175 172 171 168 162 154 147 
121 132 139 139 138 138 130 118 
 98 113 121 119 121 128 116  93 
124 137 135 125 127 136 119  88 
116 186 226 236 216 171 154 158 
118 187 233 250 230 180 159 165 
140 201 240 255 236 182 162 172 
166 209 230 240 217 162 146 161 
158 193 201 205 179 127 111 126 
127 171 187 190 163 111  92 103 
120 184 216 219 186 134 117 127 
137 215 255 255 221 169 158 170 
160 127  87  72  82  99 108 110 
145 126  82  44  47  81  96  91 
 81  76  75  66  32  13  52 111 
 98  45  29  61  60  25  27  67 
122  82  39  34  51  60  41  14 
 61  78  70  43  31  46  49  35 
 29  28  29  39  41  40  42  50 
 42  18   6  19  27  26  33  52 
149 239 245 255 236 175 156 185 
156 234 255 255 218 169 152 156 
169 227 255 252 220 185 173 166 
170 236 243 253 238 213 205 206 
123 248 243 255 241 226 223 226 
 51 224 255 255 243 240 245 238 
 25 151 255 255 253 253 255 246 
 46  87 255 255 255 254 255 244 
173 187 197 204 209 199 195 203 
177 189 197 202 205 197 192 202 
187 197 201 204 207 199 196 205 
182 190 194 197 202 194 189 198 
147 155 160 166 171 164 160 168 
118 125 127 133 141 135 133 141 
135 139 138 140 149 147 146 155 
174 175 169 169 178 178 179 191 
212 213 212 210 206 205 206 209 
210 213 218 219 218 217 216 216 
206 207 210 211 211 210 206 205 
207 206 204 203 203 203 204 204 
174 176 178 178 177 176 178 179 
141 148 155 154 145 140 140 142 
166 175 179 173 163 159 167 177 
196 203 205 198 191 198 221 241 
183 175 177 188 189 179 186 203 
157 156 164 177 177 169 177 193 
168 169 178 184 173 157 154 163 
204 203 206 204 187 162 144 138 
229 226 223 222 214 193 170 152 
244 242 239 241 241 230 206 184 
254 254 252 252 254 247 225 203 
249 252 252 249 248 243 225 206 
209 211 213 207 220 236 242 255 
206 218 228 227 240 255 255 255 
177 201 226 240 247 251 255 254 
148 170 205 240 243 233 240 241 
128 128 145 190 193 187 225 248 
145 118  98 126 125 136 214 255 
181 146 103 110 103 129 225 255 
177 154 112 111 103 137 231 247 
172 199 220 217 208 142 108  80 
172 199 219 213 200 136 111  93 
175 203 225 220 204 131  95  68 
166 193 215 215 201 123  79  46 
134 167 196 193 171  90  59  40 
113 159 199 193 153  62  33  25 
146 180 213 212 187 107  85  79 
199 206 213 218 230 190 191 192 
102 140 161 153 149 157 156 144 
 98 125 145 149 146 149 148 144 
 88 109 134 150 152 149 145 147 
 50  83 121 144 149 145 140 138 
 26  77 126 150 158 161 156 146 
 37  88 132 153 161 170 167 159 
 94 118 140 154 161 167 168 167 
178 176 175 183 188 187 191 199 
209 214 222 225 229 226 225 225 
211 218 228 231 232 229 227 229 
207 215 226 227 229 224 224 226 
203 213 225 226 226 222 222 224 
211 220 231 232 232 228 229 231 
217 222 230 232 236 233 234 234 
217 220 224 227 235 235 236 234 
221 220 223 226 236 238 238 236 
166 168 166 160 173 189 194 211 
163 175 181 180 193 210 216 227 
134 158 180 194 200 204 206 205 
105 127 159 194 196 186 191 192 
 85  85  98 143 146 140 177 200 
102  75  51  79  78  89 166 207 
139 104  57  64  57  83 177 211 
135 112  66  65  57  91 183 199 
143 144 169 177 149 139 152 163 
141 160 192 191 150 130 136 142 
152 167 196 201 177 158 150 141 
166 173 189 193 169 140 131 136 
207 215 222 205 155 108 115 155 
205 205 199 181 146 109 118 164 
120 122 112 106 113 107 110 131 
 87 109 108 101 116 126 128 138 
 71  78  86  87  85  81  87  94 
 87  97 107 109 107 103 108 113 
 75  86  96  99  95  93  97 102 
 81  93 102 102  99 100 107 110 
103 115 120 118 114 119 127 130 
104 117 122 118 114 119 127 129 
102 117 126 121 116 120 123 123 
 99 116 127 122 118 120 120 116 
 54  90 103 117 132 117 125 151 
102 109 107 108 106 118 163 184 
111 103 111 119 107 127 182 192 
103 100 114 137 130 128 165 182 
136 136 129 147 146 118 142 189 
146 152 139 155 156 120 139 200 
134 147 155 173 159 131 155 194 
139 148 172 183 148 136 172 185 
124 130 133 127 122 123 126 127 
150 148 138 129 127 132 134 135 
123 126 129 134 140 145 144 137 
166 172 179 183 185 183 174 163 
196 199 202 200 202 206 210 208 
176 183 191 193 201 208 214 214 
130 134 135 135 140 141 136 128 
114 106  95  92 103 112 114 110 
240 239 239 241 246 250 251 251 
239 240 241 240 240 244 250 254 
248 251 251 246 243 244 251 255 
243 244 242 237 232 232 236 241 
245 244 242 241 241 240 237 236 
238 236 235 237 240 240 235 233 
166 166 166 166 163 162 162 162 
 96  98  98  92  83  79  83  86 
140 100  95 103 126 118 119 110 
140 104  98  96 107  94  98  91 
145 128 135 129 129 109 114 109 
145 154 189 193 189 167 171 164 
136 166 221 230 227 208 214 207 
133 172 229 234 229 215 227 221 
132 174 230 229 222 212 226 216 
126 170 230 229 222 213 223 212 
109 114 114 107  98  94  98 105 
 94 101 105 103  99  94  94  97 
103 110 117 122 122 119 114 113 
166 168 173 179 183 183 178 175 
212 210 209 212 216 218 217 214 
219 217 215 215 216 218 217 215 
219 221 224 225 223 219 215 213 
207 213 220 224 219 212 204 201 
116 180 230 213 235 234 224 233 
112 180 236 216 231 230 224 234 
104 179 244 225 233 231 230 241 
100 173 244 227 229 226 227 234 
124 181 248 239 241 239 240 242 
129 160 214 217 230 232 235 236 
115 110 142 146 163 163 164 162 
139 108 116 109 119 111 104  97 
197 228 195 151 106 159 137  91 
195 239 211 155 102 155 135  83 
211 218 183 157 120 151 133 101 
253 239 200 169 129 141 126 107 
210 230 207 152 113 144 142 109 
148 152 138 116 115 145 142 107 
145 115 102 108 118 121 120 109 
101 103 108  92  78  88 116 128 
 96  85  84  93 101  99  98 104 
 97  86  85  92  99  96 100 107 
114 104 100 100  97  93  95 102 
171 166 162 161 157 151 152 158 
216 217 219 223 221 220 221 224 
213 216 219 224 225 225 224 224 
211 211 209 213 214 215 210 206 
209 208 205 208 213 218 214 211 
 95  95 108 105  91  86 106 120 
 91  96  99 107 116 143 142 126 
 92 105  91 101 119 171 148 108 
150 167 132 129 133 185 151 117 
221 221 163 149 147 190 155 131 
239 222 153 132 146 184 149 126 
235 223 158 125 153 185 155 127 
218 223 173 127 155 178 154 125 
248 255 255 255 255 234 214 189 
251 255 255 255 255 237 217 194 
252 255 255 255 255 240 232 216 
245 249 239 245 244 236 240 232 
241 247 236 241 240 232 240 233 
232 240 234 238 233 218 219 209 
173 183 180 185 181 167 170 162 
 94 101  96 101  99  95 107 105 
228 227 218 207 189 177 172 172 
232 229 218 207 188 175 170 168 
233 229 218 207 189 176 169 165 
227 224 213 203 188 176 168 162 
227 224 213 204 192 179 164 155 
236 232 222 215 204 189 169 155 
228 225 217 215 205 190 169 154 
205 203 199 201 195 182 161 145 
 92 112  92  57 111 209 166 137 
111 104 110  63 119 202 171 173 
 99 100 137  85 140 216 193 205 
 99 138 171 130 153 217 187 166 
100 162 158 169 163 210 192 160 
112 158 134 197 182 214 219 207 
135 163 154 213 196 209 210 207 
113 144 172 210 203 216 205 192 
124  84 113 106 133 135 154 130 
167 139 126 100 111 122 156 145 
188 159 103  96  97 102 161 201 
142 106  39  84  85  54 114 205 
167 134  66 125 120  70 110 211 
208 183 107 115 105  92 130 204 
216 202 144 113 111 138 173 213 
197 196 178 151 159 192 201 213 
106  63  28  91 111 159 230 204 
 99  72  52 119 114 175 205 216 
 97  94  98 121 119 187 199 222 
 99 112 118  87 119 180 211 214 
100 112  85  75 121 178 216 214 
103 103  47  99 121 199 208 225 
100  92  49 102 110 219 203 223 
 91  82  72  72  87 219 200 203 
100  92  94  94  93  90  80  57 
103  94  94  93  90  87  74  49 
105  94  92  92  90  88  73  47 
100  88  87  88  89  88  74  48 
 98  87  85  85  86  86  74  50 
105  95  93  91  88  88  80  59 
101  94  94  92  87  88  83  68 
 85  80  81  80  76  80  79  67 
127 124 136 118  93  83  59  46 
139 117 114  94  68  56  42  43 
181 133 109  84  61  49  46  57 
199 139  97  68  51  50  47  52 
194 133  88  57  55  68  59  49 
182 126  87  63  70  90  80  67 
168 111  78  65  70  84  78  78 
171 110  82  76  76  78  77  91 
 30  37  39  45  56  55  63  80 
 56  62  58  54  61  58  59  68 
 62  74  74  65  71  78  81  84 
 31  53  58  49  56  71  80  83 
 34  61  65  48  50  63  72  76 
 63  87  87  69  67  74  79  84 
 69  83  81  71  74  79  82  85 
 80  87  81  76  87  93  92  93 
157 153 138 121 116 121 116 109 
157 146 130 119 119 121 116 109 
162 145 131 127 128 125 119 115 
159 145 136 136 133 123 115 115 
151 145 143 142 131 115 109 112 
149 150 151 145 130 114 109 110 
145 148 146 134 122 114 108 105 
138 140 133 117 108 108 103  96 
 61  55 240 255 255 255 253 254 
 37  44 233 255 255 255 255 255 
 32  45 223 249 255 249 239 235 
 33  41 191 214 229 232 223 216 
 33  30 139 149 162 171 159 147 
 26  28 117 119 124 133 123 113 
 18  48 148 158 156 167 167 169 
 33  83 191 200 179 176 173 180 
 75  38  22  21  13  12  23  19 
 70  49  34  26  18  16  25  25 
 77  68  41  17  13  16  20  23 
 87  81  41   6  18  34  37  41 
 88  83  44  18  44  71  75  70 
 88  84  62  46  67  91  91  76 
 86  87  81  69  67  80  83  69 
 85  88  94  81  60  68  85  78 
 44 173 202 197 182 182 183 184 
 63 178 194 190 182 181 178 177 
 85 179 182 182 181 179 171 171 
100 184 181 186 188 184 174 176 
100 184 184 192 196 189 180 185 
 88 177 180 187 191 186 178 182 
 82 174 177 179 180 180 174 174 
 91 183 183 180 183 186 179 176 
 33  13   0   0  12  23  30  29 
 33  16   0   0   0   9  24  33 
 32  19   4   0   0   0  16  35 
 30  20   7   0   0   0  13  31 
 28  15   4   2   2   0   8  21 
 30  14   0   4   8   2   4  11 
 43  20   4   5   9   3   6  14 
 56  31  10   7   9   5  10  21 
169 135 120 114 110 144 214 255 
186 175 184 191 179 191 233 255 
197 198 213 220 202 197 219 241 
184 188 198 201 184 171 180 194 
140 151 164 171 165 144 133 137 
140 152 159 166 168 153 139 144 
183 193 192 190 194 185 179 193 
192 208 207 202 203 191 185 201 
198 203 206 203 197 193 196 200 
184 189 193 193 190 188 189 191 
170 173 177 181 182 181 180 178 
173 174 177 181 184 183 178 174 
181 180 181 183 186 185 178 172 
181 179 178 178 179 178 173 169 
178 176 174 173 174 174 174 174 
185 184 183 181 183 185 190 192 
 42 171 200 195 180 180 183 184 
 61 176 192 188 180 179 178 177 
 84 178 180 180 179 177 170 170 
 99 183 179 184 186 182 173 175 
101 185 184 192 195 188 181 186 
 89 178 180 187 190 185 179 183 
 84 176 178 180 181 181 176 176 
 93 185 184 181 184 187 181 178 
250 245 244 243 241 227 205 187 
252 250 250 250 245 231 209 193 
237 239 241 242 235 221 201 187 
198 202 209 212 208 196 182 171 
134 139 148 156 158 155 146 141 
114 117 126 136 145 149 146 143 
163 160 162 170 180 186 185 180 
190 183 178 181 190 193 190 184 
204 200 201 208 219 222 215 208 
203 205 209 214 216 214 209 206 
188 195 204 206 204 199 198 198 
174 179 188 192 192 193 196 198 
177 176 177 183 191 199 201 202 
185 178 175 181 194 204 205 203 
181 176 172 178 191 201 202 200 
180 177 177 184 197 206 208 207 
199 204 206 203 197 193 196 200 
185 190 193 193 190 188 189 191 
171 174 178 182 183 182 181 179 
174 175 178 182 185 184 179 175 
182 181 182 184 187 186 179 173 
182 180 179 179 180 179 174 170 
177 175 173 172 173 173 173 173 
184 183 182 180 182 184 189 191 
255 255 255 255 255 255 255 255 
255 255 255 255 255 255 255 255 
246 245 245 243 245 248 250 253 
195 198 199 195 190 190 198 206 
145 152 155 145 131 128 138 151 
155 160 162 151 136 131 139 150 
196 197 195 190 187 187 191 196 
209 205 203 205 213 220 223 223 
255 255 251 239 253 255 255 255 
255 255 246 232 241 255 255 255 
253 254 237 218 220 231 239 248 
206 207 191 169 164 169 177 190 
169 172 159 143 141 143 150 163 
171 174 166 162 169 174 179 191 
190 190 181 182 197 205 208 216 
213 209 196 199 216 223 222 226 
123 131 131 135 121 114 149 181 
128 134 130 132 120 111 146 177 
131 135 130 131 120 113 148 178 
129 136 132 134 120 113 152 186 
128 139 137 136 117 108 150 188 
128 139 138 137 116 107 148 185 
128 135 135 138 124 117 153 186 
128 131 130 139 134 132 165 193 
107 119 127 122 116 116 123 128 
109 120 128 123 119 119 125 129 
108 119 125 121 117 117 124 126 
106 115 121 118 115 115 121 123 
107 115 121 118 115 116 121 122 
109 118 122 120 117 119 123 123 
111 118 122 120 119 121 124 123 
109 116 120 118 117 119 122 122 
133 133 151 166 164 125 156 188 
128 129 142 150 146 115 149 179 
125 128 138 137 132 111 151 179 
125 132 140 134 131 117 160 185 
123 134 141 133 130 116 158 180 
122 129 136 129 125 107 145 170 
123 127 133 129 125 104 144 173 
126 126 133 134 131 110 153 187 
105 114 121 119 116 116 122 123 
108 118 121 118 115 118 124 128 
112 119 122 118 115 118 125 129 
111 119 124 119 116 118 125 128 
108 118 124 120 119 120 123 124 
108 118 125 121 120 120 122 123 
112 121 125 121 120 120 124 125 
117 124 126 120 119 121 127 130 
164 171 179 183 185 184 175 164 
171 177 183 185 186 185 176 168 
177 182 186 186 186 186 180 172 
177 180 182 181 183 184 180 174 
172 174 175 174 178 182 180 175 
167 170 171 170 173 178 178 174 
167 170 171 169 171 175 174 171 
170 171 173 169 172 175 173 170 
134 178 213 213 207 216 217 215 
133 171 212 210 204 213 215 214 
140 167 212 206 198 204 206 204 
141 155 210 200 194 200 204 203 
144 145 210 200 198 204 213 213 
158 144 214 198 193 195 204 204 
157 133 207 185 178 175 180 179 
137 107 187 165 161 160 167 167 
217 216 219 221 224 222 212 208 
211 211 216 218 220 217 209 203 
206 207 212 215 216 212 205 201 
208 208 211 211 211 208 203 200 
208 208 209 206 205 202 201 201 
201 201 202 200 198 196 196 197 
183 186 192 192 191 189 188 189 
168 174 184 186 187 183 182 182 
138 120 185 169 160 173 162 161 
144 136 205 181 165 178 172 169 
139 141 211 188 165 173 175 176 
139 135 199 187 164 164 175 186 
154 137 188 188 168 157 175 192 
165 144 186 188 167 151 172 185 
160 154 193 186 163 152 174 173 
153 164 205 190 164 162 186 173 
196 197 149 146 134 166 156 134 
193 196 145 146 141 173 156 130 
189 191 139 144 144 177 152 125 
184 191 136 138 142 171 145 122 
184 196 138 135 138 166 139 124 
186 203 141 134 141 167 139 130 
187 204 137 133 145 172 140 129 
186 200 131 129 149 177 140 126 
206 207 209 213 215 217 217 217 
201 202 206 209 214 216 216 216 
198 199 201 206 210 213 213 211 
196 196 199 202 208 210 210 208 
194 193 194 200 208 214 216 215 
188 187 187 194 206 215 221 220 
181 178 175 182 194 205 210 210 
177 171 166 170 181 191 195 197 
204 241 178 119 163 187 159 127 
216 242 186 130 151 176 157 117 
217 237 186 139 146 174 165 127 
214 238 175 136 151 179 161 138 
221 250 168 131 159 180 144 136 
218 240 158 132 155 179 140 135 
209 211 149 144 138 174 157 137 
208 190 148 155 121 166 167 130 
163 170 171 169 172 181 183 179 
165 171 172 170 174 185 186 182 
167 173 172 170 176 186 189 184 
168 173 172 171 177 189 190 185 
172 177 176 174 183 193 194 187 
178 180 179 178 186 198 197 190 
180 181 178 177 186 198 197 188 
178 179 174 174 183 194 193 184 
230 211 224 203 187 188 202 167 
207 216 216 194 207 199 184 156 
218 227 182 132 166 156 125 110 
222 220 163 110 156 169 153 142 
217 209 186 158 192 208 198 167 
215 202 201 183 189 186 174 131 
210 205 205 186 188 178 171 153 
206 214 211 193 202 187 183 188 
116 131 193 165 193 222 204 212 
122 134 189 155 177 225 222 218 
117 134 202 180 177 221 229 218 
117 127 208 214 184 206 223 227 
130 112 181 223 191 195 214 231 
132 101 151 214 200 209 215 220 
122 103 124 164 157 199 215 209 
118 114 102  95  82 163 212 217 
208 206 198 186 208 212 222 201 
213 208 206 197 209 216 200 177 
230 216 209 197 200 227 200 192 
238 220 213 194 186 227 195 203 
235 223 222 199 177 209 174 184 
236 229 223 192 173 192 177 186 
238 234 220 188 183 192 202 202 
231 234 223 200 205 196 208 190 
118 101 109 105  71 158 215 211 
115 104 106  95  73 148 220 211 
111 111 106  95  83 132 218 208 
107 111 104 102  96 109 201 208 
111 110  99 106 100  88 178 215 
117 111  93 101  93  79 148 207 
117 115 100 102  91  85 112 166 
113 121 110 109  93  93  81 121 
 88  88  90  89  88  85  80  79 
 79  83  89  88  84  81  79  81 
 72  79  88  87  82  78  80  86 
 72  78  86  86  82  81  81  86 
 73  75  79  79  81  81  82  83 
 72  71  72  72  76  77  80  80 
 68  68  71  69  71  74  78  83 
 65  69  74  71  70  72  82  91 
151  99  77  72  65  76  98  90 
150  98  73  73  69  79 100  96 
135  91  73  76  68  68  91  98 
130  95  81  83  72  65  90 111 
131  88  58  56  61  66  88 108 
136  84  33  27  53  75  92 102 
143 104  58  46  70  91 104 108 
120 108  81  65  73  81  88  98 
 85  84  89  91  97  96  93  91 
 90  90  96  98 102  98  93  90 
 93  94  99 100 103  98  92  86 
 91  91  95  95  98  93  88  84 
 90  88  91  90  93  91  89  87 
 92  88  90  87  91  90  91  89 
 89  87  89  87  91  89  88  86 
 87  86  89  87  91  86  84  80 
105 109  96  73  70  84  93  87 
115  90  73  75  79  75  85 102 
 92  57  37  47  52  46  55  78 
 89  75  55  46  50  56  62  62 
108 108  96  77  73  81  83  74 
119 107  96  86  81  76  76  79 
142 116  93  87  84  75  76  84 
157 130  97  79  79  81  83  83 
154 166 141 110  87  88 102  89 
175 191 170 143 123 125 140 127 
185 206 192 169 152 156 172 162 
184 206 193 171 154 160 181 174 
186 207 193 168 150 157 182 178 
186 208 192 164 144 153 179 179 
184 206 194 165 146 154 182 184 
183 207 197 169 150 158 186 188 
 88  90  93  87  59  56  72  62 
 94  74  85  95  69  50  54  69 
 90  82 102  86  62  66  59  70 
 89  88 111  73  52  77  71  92 
 95  76  96  76  66  80  89 147 
 86  86  94  74  75 100 117 164 
 79 102  95  69  79 106 120 129 
 89  95  75  75  88  77  78  86 
115 179 200 181 193 202 190 189 
142 182 196 186 196 204 200 201 
170 178 186 186 190 194 196 200 
191 175 178 188 189 185 186 188 
190 168 170 184 186 179 173 173 
152 141 140 145 152 145 134 135 
113 117 107  96 105 102  87  93 
103 117  96  72  82  80  64  73 
 92  94  83  90  78  78  88 124 
 88  99  96 109 103 104 111 146 
 80 100 101 121 125 124 129 162 
 80 108 111 129 137 133 131 164 
 88 120 119 133 144 138 132 166 
 91 128 123 132 146 140 130 167 
 91 132 124 130 145 137 126 163 
 97 140 131 135 150 140 126 163 
101 132 169 187 190 193 200 205 
113 144 180 196 199 199 204 209 
124 154 188 202 203 202 205 209 
129 156 186 199 200 200 204 208 
131 154 180 192 195 198 205 210 
132 154 179 190 195 201 208 212 
136 159 184 197 202 206 210 212 
136 161 186 200 205 208 209 210 
181 179 182 187 192 191 192 196 
193 189 187 188 188 188 193 202 
189 186 183 182 180 182 194 206 
180 181 185 186 185 187 201 213 
167 173 181 186 183 179 185 193 
133 138 146 151 145 136 132 135 
 88  89  94  98  94  86  80  80 
 62  61  63  69  70  67  65  67 
198 198 198 197 193 192 192 196 
208 206 201 200 198 198 199 202 
216 212 205 201 201 205 205 204 
223 219 210 205 206 209 207 204 
211 214 212 207 205 207 206 201 
171 188 199 199 196 196 196 194 
117 150 179 186 182 183 187 187 
 89 130 172 183 181 183 189 193 
 92  87  88  94  94 102 102  88 
122 113 111 119 125 135 130 110 
149 136 133 143 155 163 153 127 
163 151 149 157 166 172 158 131 
173 165 168 173 172 172 158 134 
181 176 181 181 173 168 155 134 
186 181 183 182 174 168 153 132 
194 186 187 186 179 173 158 134 
165 143 139 152 161 167 171 170 
207 185 179 189 193 195 196 193 
229 210 205 212 212 212 213 208 
225 211 210 217 216 217 218 212 
227 218 220 227 225 226 227 220 
233 227 232 236 230 230 230 223 
240 237 244 245 237 234 235 226 
251 250 255 255 248 246 246 238 
205 201 201 202 205 203 200 199 
199 200 203 207 208 207 203 202 
203 207 213 217 217 213 209 204 
205 212 220 224 226 225 220 215 
204 212 220 226 231 234 229 220 
202 206 212 214 217 217 204 186 
204 207 209 209 212 205 179 151 
202 206 212 214 220 213 183 150 
205 203 203 205 212 216 217 215 
202 203 206 212 218 221 222 221 
211 216 223 227 231 233 234 235 
223 227 231 232 231 230 231 233 
224 224 223 218 212 210 212 215 
176 175 171 166 161 160 162 163 
108 107 104 105 108 110 112 112 
 95  95  96 103 111 118 121 119 
208 214 216 215 223 229 222 207 
217 224 227 223 228 236 236 229 
217 225 228 224 226 235 242 242 
216 220 224 221 224 233 241 242 
217 218 220 223 229 236 239 237 
217 218 222 227 233 237 237 234 
214 218 225 230 233 233 235 237 
216 223 233 237 236 235 240 247 
154 160 159 160 145 141 172 184 
145 150 152 156 143 142 175 188 
134 141 142 149 139 141 178 193 
131 135 135 140 131 136 178 196 
133 135 132 134 124 132 174 194 
134 136 132 133 123 130 173 192 
129 134 134 137 127 133 173 190 
124 132 134 142 132 136 175 190 
121 125 133 129 120 122 130 128 
125 127 135 131 121 122 130 126 
127 130 138 135 122 123 131 126 
128 132 141 138 126 128 136 132 
126 130 142 141 133 135 143 139 
126 131 144 145 138 142 151 147 
128 134 148 149 142 145 153 151 
131 136 150 151 144 148 156 152 
129 129 127 135 125 126 165 183 
128 132 130 134 125 131 167 182 
126 133 130 130 122 133 167 174 
126 136 132 130 122 136 168 171 
133 144 139 136 125 137 170 172 
144 153 150 147 132 138 170 178 
151 157 156 154 135 132 167 182 
153 157 157 158 135 127 163 181 
130 139 147 145 143 146 151 153 
131 140 148 145 142 143 148 150 
128 137 145 141 137 137 139 141 
118 128 135 132 128 128 130 130 
110 118 126 124 120 121 126 127 
109 117 124 120 118 119 126 128 
111 118 124 119 118 119 127 129 
113 120 124 117 115 116 124 128 
173 169 166 166 170 176 181 184 
169 167 167 169 175 183 188 193 
166 167 169 174 182 190 196 201 
169 172 176 181 188 194 198 203 
169 174 179 184 189 194 201 204 
166 172 180 186 192 196 202 206 
165 172 180 186 191 193 196 200 
168 175 184 187 188 188 191 193 
155 165 204 193 169 180 176 173 
163 173 213 207 180 184 182 182 
152 164 206 208 180 176 179 183 
150 166 207 217 190 180 190 197 
147 167 203 217 187 173 192 196 
143 166 195 206 175 161 186 183 
145 174 196 205 178 171 199 189 
134 166 186 193 171 168 201 188 
169 169 160 160 176 181 173 168 
171 176 169 165 177 180 175 175 
169 177 172 167 174 176 172 174 
170 178 174 172 178 178 171 171 
173 180 179 179 187 187 176 170 
172 177 175 175 185 185 173 167 
167 174 170 165 173 174 170 170 
167 176 171 163 166 168 171 178 
134 175 181 178 168 167 185 167 
127 165 172 171 165 170 186 169 
131 166 175 171 165 170 180 167 
135 170 188 182 173 175 181 173 
127 164 198 194 185 187 187 187 
127 160 200 195 186 188 182 186 
135 158 194 188 182 188 176 179 
133 148 183 179 181 194 180 182 
162 185 140 143 162 179 163 130 
180 201 148 146 160 176 163 137 
172 218 165 138 150 182 173 136 
169 217 165 138 150 172 163 138 
182 211 154 146 158 155 148 156 
171 223 164 136 151 167 160 154 
165 234 179 141 155 167 142 120 
193 229 176 177 181 131  82  86 
165 164 169 176 186 191 187 184 
166 163 162 170 184 192 193 191 
167 163 163 172 185 195 197 193 
164 164 169 177 186 192 192 190 
167 167 169 171 174 179 183 186 
174 170 162 158 160 170 180 187 
176 168 158 157 165 176 183 186 
174 165 158 165 179 191 189 183 
188 204 141 134 158 175 161 138 
193 207 142 136 156 172 157 135 
192 205 140 133 156 170 156 135 
191 202 138 133 156 170 157 138 
189 199 135 131 155 167 154 136 
187 197 135 133 157 165 152 133 
180 190 130 134 158 167 153 137 
170 182 126 133 161 172 160 144 
172 164 159 164 175 183 184 184 
181 172 165 168 177 184 182 178 
189 180 170 172 180 187 181 173 
194 185 171 171 180 189 185 176 
199 189 173 168 175 187 183 175 
202 196 180 171 173 183 180 172 
198 198 187 177 174 183 181 172 
191 195 189 182 179 186 184 176 
213 224 210 204 196 192 191 177 
163 187 211 217 214 183 186 173 
106 144 175 195 195 183 180 165 
 93 125 122 148 155 185 182 163 
120 111 104 114 136 136 153 148 
132  87 107  99 131  51  93 110 
131  92 106 100 109  22  56  85 
135 123 104 114  88  57  67  93 
126 124 103 125 110  82 102  96 
125 121 114 118 110  69  97  89 
130 127 130 122 118  75 110 100 
118 118 121 118 109  86 109 100 
111 117 104 115  96 106 106 100 
119 127 108 121  93 120 108 102 
111 118 110 108  86 111 104  98 
116 121 125 107  94 111 115 108 
191 208 198 205 208 198 181 164 
191 210 195 191 204 211 189 153 
179 213 199 180 187 200 179 133 
165 219 219 193 175 174 160 126 
146 202 214 198 174 158 146 127 
152 194 203 199 188 173 160 142 
158 193 192 185 181 175 168 149 
169 206 199 179 168 169 169 155 
121 119 112 124  90 117 109 134 
115 114 120 134 117 111  97 128 
119 104 118 121  64 106 106  73 
105 119 108 128  92 127  85  81 
 99 114 152 119  31  75 104  69 
120 119 129  68  90  96 105  77 
 41  25  94 109  75  22  58 103 
 96 120 101  77  41  83  72  86 
 88  82  81  82  85  84  87  91 
 88  83  83  85  87  86  87  91 
 81  77  79  84  87  87  92  96 
 88  84  85  88  91  90  96 103 
 95  90  88  86  86  85  93 101 
 96  92  92  92  93  94 104 114 
 90  89  90  90  88  84  91  98 
 64  61  59  52  41  27  25  28 
144 134 125  95  79  83  73  78 
123 132 134  98  73  77  70  74 
113 137 151 113  78  77  69  68 
 94 113 128 101  72  65  54  55 
103  94  96  84  69  63  54  64 
142 111  95  80  67  60  52  69 
159 136 121  98  78  65  51  59 
172 169 170 146 120 104  82  79 
 63  64  65  63  70  78  87  88 
 55  58  61  62  70  79  88  89 
 50  55  60  62  70  79  85  86 
 52  56  62  64  71  78  82  81 
 50  56  63  65  71  77  80  79 
 47  54  61  64  70  77  80  78 
 55  60  65  68  73  78  80  78 
 64  69  72  72  77  80  81  78 
160 172 167 161 162 138 108 101 
163 166 160 156 153 134 110  97 
154 146 148 148 139 129 114  96 
147 137 145 145 125 116 108  88 
149 142 152 148 124 111 105  88 
126 128 138 139 127 119 114 106 
 75  81  84  91 105 106 100 100 
 27  33  27  34  62  66  57  61 
190 204 208 194 199 212 211 218 
188 203 208 196 202 217 217 224 
188 203 206 194 200 216 216 223 
190 204 204 190 195 209 209 217 
189 203 204 190 194 209 208 216 
182 200 207 197 204 219 216 223 
174 195 210 208 216 230 223 226 
167 193 213 215 224 234 224 223 
 96 152 139 147 155 137 127 161 
101 153 143 150 156 136 122 154 
115 158 150 155 155 136 121 155 
126 153 144 147 142 129 116 156 
124 133 124 123 116 111 103 150 
125 121 114 111 103 104  99 153 
133 122 122 122 110 112 104 157 
138 124 130 132 119 120 107 160 
183 205 208 180 174 192 193 199 
186 204 207 190 201 228 228 229 
192 202 202 187 202 227 223 219 
181 192 190 171 180 202 200 201 
177 188 178 138 121 122 120 129 
184 194 179 124  83  67  62  74 
176 192 187 150 127 122 125 141 
176 193 198 178 173 180 186 201 
140 125 138 120 131 121 124 160 
137 142 146 126 124 111 119 162 
124 149 142 133 130 118 125 163 
149 166 135 122 127 123 133 166 
165 165 135 107 106 106 127 169 
 94  99 139 119 114  98 115 158 
 48  54 170 168 168 126 118 142 
101  84 224 218 219 161 129 137 
122 150 173 178 174 176 177 176 
127 150 171 176 174 177 177 174 
137 158 176 183 182 186 182 179 
136 158 178 188 187 187 185 184 
137 160 183 194 189 187 186 188 
141 157 176 187 184 184 183 187 
155 158 165 173 177 182 183 186 
172 166 162 168 177 185 186 187 
192 190 187 184 185 175 155 139 
221 215 207 197 191 178 158 140 
215 212 203 192 183 168 148 129 
196 196 188 173 160 141 116  91 
124 129 126 116 113 109  93  75 
 90  95  92  84  88 100  99  89 
166 167 155 134 125 126 118 104 
202 208 199 176 163 158 141 122 
125 152 182 191 194 200 207 208 
114 143 172 184 189 198 207 211 
102 131 163 177 187 199 212 217 
 97 130 165 181 192 205 217 221 
100 134 170 188 195 206 214 216 
101 132 167 182 186 192 198 198 
116 145 172 182 181 184 183 183 
128 153 176 179 176 178 179 179 
218 214 214 203 181 166 151 130 
229 223 221 209 185 169 156 135 
224 220 218 205 183 167 152 134 
225 222 225 213 192 176 162 143 
221 221 223 214 190 173 158 138 
223 223 227 215 192 175 161 144 
235 235 235 223 200 188 180 167 
223 222 221 211 191 185 183 174 
222 220 232 239 236 236 238 231 
225 225 237 244 241 241 241 234 
225 225 237 245 242 242 242 233 
222 223 236 245 242 240 239 229 
218 221 237 247 245 242 240 229 
214 217 234 246 244 240 236 224 
194 199 216 228 225 222 217 204 
172 177 195 208 205 201 196 183 
220 225 231 233 233 237 241 247 
218 219 221 224 226 233 240 246 
221 218 214 216 222 231 235 238 
227 220 217 218 225 228 224 219 
220 215 216 222 229 228 216 205 
199 198 204 215 227 227 215 204 
183 183 190 203 219 226 222 215 
178 177 182 194 213 225 228 227 
250 251 255 255 255 255 248 241 
255 255 255 255 255 255 255 255 
237 241 243 242 240 239 244 247 
202 204 206 206 208 209 213 215 
142 140 142 146 154 157 153 148 
161 158 160 169 179 180 172 164 
189 190 194 201 210 209 202 195 
207 211 217 222 226 224 220 217 
183 178 189 199 205 216 228 229 
183 181 192 203 207 216 229 229 
183 185 198 206 207 217 230 230 
188 190 202 207 206 217 230 230 
193 194 202 203 202 214 226 224 
195 195 201 201 199 212 221 214 
194 194 198 198 198 211 213 200 
191 191 197 198 201 211 209 190 
134 139 147 144 127 135 161 177 
139 140 146 144 130 140 164 177 
141 140 143 142 131 141 166 177 
139 140 144 142 127 138 164 178 
136 142 150 145 127 135 163 182 
138 147 158 152 132 138 166 186 
141 148 159 154 136 141 166 182 
143 148 156 153 139 143 165 176 
104 110 116 111 115 120 130 133 
105 112 117 113 114 119 128 131 
106 113 120 114 113 117 125 129 
104 112 120 115 114 117 127 131 
100 111 120 115 115 117 129 135 
100 111 122 119 116 119 131 137 
102 114 126 121 118 119 129 136 
104 117 128 122 118 119 129 135 
122 125 127 139 127 123 161 187 
126 123 123 135 126 124 161 182 
130 126 122 134 127 127 165 183 
130 129 126 134 126 127 166 185 
126 130 131 136 123 126 166 188 
120 128 131 136 122 124 166 187 
123 130 133 138 126 130 172 188 
128 132 133 140 132 139 176 188 
102 117 126 116 119 130 135 129 
102 117 128 122 126 138 146 141 
109 123 131 125 126 134 139 135 
113 125 132 125 125 130 132 128 
114 125 134 131 131 135 137 135 
116 127 134 132 132 133 134 134 
121 129 136 136 135 135 135 135 
118 128 139 142 144 147 149 151 
141 136 160 159 129  68  78 114 
134 155 133 120  82 105  93  90 
151 140 130  77 103 105 114  76 
155 125  99 117 117 110  87  87 
140 117 105 134 119  92  69  84 
125 126 142 110 112  81  85  70 
132 153 133 128  82  96  67  63 
153 135 129 120 108  73  59  62 
120 146 202 196 202 208 211 202 
132 157 214 216 223 226 229 219 
145 163 218 226 232 227 227 220 
152 163 212 219 222 212 210 205 
144 151 193 194 191 182 178 176 
137 149 189 185 180 175 177 176 
121 141 181 169 163 163 168 166 
118 145 187 172 164 167 173 170 
183 176 181 201 196 181 163 172 
206 208 201 202 211 220 191 162 
215 195 191 216 207 184 167 184 
216 203 187 198 205 205 169 143 
182 180 168 172 160 149 113  93 
195 185 179 182 143 109 105 142 
186 174 143 125 117 127 103  78 
178 149 127 146 142 111  55  27 
 98 134 165 155 157 156 157 139 
120 138 156 155 165 154 136 104 
109 128 155 158 158 132 119 102 
104 125 152 151 143 111 111 112 
112 120 139 131 134 115 119 115 
103 125 146 125 124 120 136 130 
 83 126 157 125 127 131 149 135 
 84 121 143 110 126 138 135  90 
 99  92 126  85  48  68  59  74 
115  63  29  50  65  71  81  72 
 28  35  45  62  56  50  57  49 
 38  29  62  45  41  64  45  60 
 57  15  25  23  36  48  29  68 
 23  38  32  39  43  30  33  40 
 22  45  20   6  23  36  29   4 
 20  18  36  18  30  42   4  21 
170 167 161 168 179 194 195 187 
169 150 169 207 208 201 177 133 
156 159 149 152 163 156 165 198 
131  98 112 142 136 154 170 147 
122 120  76  31  23  17  17  34 
120  62  27  18  26  64  67  13 
 69  60  44  41  74  95  94  89 
 63  53  73 100 113 119 114  96 
161 143 108 106 125  92 122 140 
113 167 158 167 139 149 116  57 
232 192 195 177 113 115  24  31 
 70  56  25  34  46  42  60  81 
 54  77 107  96 123 106  44  65 
 45 111  74  75  82  74  72  76 
 35  79 125  57  37  68  37  25 
 74  22 108  73  58  10  26  51 
 58  43  44  74 116 135 130 119 
 47  46  35  32  73 124 136 114 
 45  52  40  25  50  92  96  67 
 48  44  40  40  46  46  39  30 
 56  43  38  42  35  22  23  37 
 49  47  43  38  31  28  30  37 
 46  45  42  37  32  32  26  20 
 53  36  24  28  29  26  21  23 
 31  13  22  37  33  26  26  13 
 43  38  38  26  12   6  12   6 
 27  53  64  50  35  20  11   6 
 24  43  38  22  21  14  13  22 
 35  32  16  11  25  16   9  21 
 34  22  13  23  37  28  14  13 
 42  22  11   7  10  17  23  18 
 42  35  40  31  20  24  24   2 
128  48  48  85  81  82  90  63 
 30  60  90  75  55  68  65  25 
 74  86  90  85  82  69  58  57 
 72  83  79  53  34  39  63  85 
 73  39  32  42  49  68  78  63 
 55  45  72  95  72  63  76  77 
 45  71  78  59  68  87  63  16 
 60  80  75  77  98  76  36  34 
 15  77 104  97  51  31  33  74 
 50  64  70  99  80  65  41  56 
 57  71  75  32  11  25  73  91 
 38  46  77  20  34  31  63  17 
 89  52  44  22  38  35  47  16 
 38  50  41  60  30  47  28  26 
 15  34  24  45  38  57  27  18 
 35  23  30  39  63  21  13  31 
 54  48  65  91  87  59  45  56 
 56  67  64  41  21  26  43  56 
 44  56  57  43  40  51  50  36 
 60  37  24  29  40  41  36  35 
 87  62  48  52  49  34  36  52 
 36  34  39  50  54  48  38  33 
 34  35  35  39  52  67  73  72 
 32  42  53  50  37  37  59  87 
 46  23  19  17  42  74  22  10 
 35  13   0   0  14  45  20   6 
 26  14   0   0   0  24  27   7 
 21  27   0  17  10  20  40  14 
  5  26   0  10   1   2  27   7 
 31  59  22  28  25  26  47  47 
 13  47  11   5  10  13  23  43 
  0  40   9   0  11  14  10  42 
 17  23  27  26  73  13   7  15 
 21  20  18  24  48   0   0  15 
 36  29  23  46  33   0   0  24 
 42  35  30  73  30  10  15  42 
 30  25  17  70  15  12  19  49 
 33  31  11  54   0   0   5  33 
 30  38  19  52   5   4   0  17 
 11  31  22  59  26  23   7  17 
 38   5   0  32   0   2  12   4 
  7   0   0  18   0   0  20   7 
 11   0   0   4   0   0  16   0 
 12   4   4  25   8  15  42  45 
  6  11   9  45   5   3  26  59 
 19   2   0  30  14   2   9  28 
 29   0   0   8  44  34  59  61 
 28   6  14   0  34  12  78  93 
 12   0   4  43  17   7  21  24 
 13   0   0  38  10   0   0   0 
 12   0   0  34  15   7  11   7 
 28  21  10  33  10   0   1   1 
 23  30  28  48  25  13  15  20 
  0  21  28  53  39  29  29  35 
  1  23  21  38  22  12   5   8 
 14  32  21  33  26  22  21  25 
203 235 221 114 141 233 217 203 
 94 186 217 210  93  71 166 222 
 51  93 220 209 218 128  29 112 
 42  43  53 189 206 204 160  59 
110  68  43  42 167 191 174 175 
 95 142 123  65  29 159 221 183 
117 116 155 155  65  18 134 165 
 34 116 114 142 188 123  82 168 
 90  62 202 142 191 206 192 200 
 74 168 144 229 163 220 223 209 
 66 167 103 101 210 238 188 216 
 26 151 240 167 101 184 243 187 
 45  23 142 227 226 228 157 210 
143 104  19  83 222 226 250 157 
 46 138 151  86  86 155 218 216 
 60  63 149  65  28  21  65 206 
199 214 215 218 243 216 239 230 
197 240 242 255 233 247 239 248 
207 208 209 194 207 241 242 237 
172 214 233 216 188 156 192 190 
218 172 131 233 238 246 220 222 
172 249 207 193 107 127 216 222 
160  96 218 235 196 164  53  98 
223 189  97 227 229 222 212 146 
  0  31  27  60  46  27   0  75 
  5   0  22  44  67  31  30   3 
 12   0   4   3  34  53  62  36 
  0  16   4   5  18  70  80  58 
  4   0  14  27  27  52 105  64 
 18  17   0  31  19  15  56  96 
  0  36   0  15  25   0   0  56 
  0  32  12   0  52  15  25   3 
165 162 160 165 171 174 195 177 
254 227 151 165 181 154 169 169 
203 255 236 179 158 190 171 169 
183 154 223 251 194 165 199 180 
183 131 105 201 243 181 173 187 
126 159 161  74 199 233 183 169 
 55 102 145 162  61 224 203 177 
 13  56  95 142 145  85 240 184 
242 245 231 228 244 225 208 224 
245 242 255 254 237 246 255 246 
255 247 255 255 249 245 252 239 
217 230 215 207 226 229 220 230 
239 255 220 171 168 173 162 161 
224 209 224 226 187 163 163 156 
179 174 220 255 237 196 168 145 
 84 152 189 205 250 255 211 160 
195 186 174 164 168 175 181 178 
225 213 197 181 178 181 185 182 
234 225 206 187 178 179 182 181 
193 191 182 171 167 170 177 177 
140 144 144 145 147 155 159 159 
119 126 133 140 148 159 160 158 
133 138 141 149 157 167 164 160 
144 145 143 150 158 168 164 158 
204 188 103  87 121 207 250 229 
154 195 188 143 143  87 152 246 
165 162 142 177 200 193 163  92 
 98 237 108  91 137 141 173 172 
 92  31 116  62  42  87 114 139 
113  21  16  39  33  28  60  70 
129  88   0  12  39  45  22  56 
162  91  42   4  18  25  63  65 
155 169 185 192 194 188 175 166 
165 176 189 193 193 187 175 166 
174 185 193 194 192 186 176 167 
156 164 168 167 165 160 153 146 
101 108 110 109 106 105  99  94 
 64  69  72  71  70  70  67  64 
 76  82  86  85  83  85  84  81 
107 113 116 115 114 115 115 113 
193 196 202 209 221 228 232 229 
196 198 205 213 227 239 247 249 
203 204 210 219 227 237 245 250 
201 203 209 213 213 209 208 209 
185 189 196 198 186 166 152 149 
178 183 192 194 176 147 128 125 
177 181 188 189 168 140 125 125 
174 175 181 180 160 135 126 130 
215 215 217 217 219 220 220 220 
241 242 243 244 246 246 246 246 
242 243 244 244 244 242 241 239 
220 221 222 223 221 216 213 209 
157 162 166 170 171 166 160 155 
145 153 164 172 176 172 166 160 
143 152 167 179 182 178 169 162 
153 164 180 191 194 187 176 168 
172 171 172 171 160 141 129 129 
170 170 171 169 158 146 142 147 
179 181 183 180 168 160 160 165 
187 191 192 187 177 164 150 140 
191 193 192 188 181 163 129  99 
188 190 189 184 183 165 123  82 
184 189 187 184 189 183 151 113 
177 183 183 178 189 195 176 147 
110 104 108 102 108 113 110 130 
103 111 117 117 113 115 116 111 
111 123 119 127 127 136 147 105 
115 122 104 119 131 155 176 109 
109 121 103 115 120 144 173 113 
106 126 126 128 118 127 150 122 
120 134 141 138 130 132 142 144 
135 132 135 134 142 148 145 163 
118 117 124 142 156 145 142 153 
119 124 132 143 149 139 149 172 
109 130 151 160 156 136 140 164 
 95 123 152 163 160 142 148 173 
134 149 159 159 152 139 146 170 
142 152 160 164 165 156 154 167 
130 147 165 185 199 197 190 196 
184 193 199 207 214 210 201 204 
151 148 153 157 146 133 157 189 
151 148 152 160 133 130 146 167 
165 161 162 176 133 149 164 171 
166 162 159 176 122 152 169 168 
169 167 165 181 127 154 167 161 
171 174 176 188 146 163 175 176 
176 174 170 166 136 140 163 179 
206 194 174 147 121 115 147 176 
110 115 121 127 124 122 115 117 
100 101 102 107 104 103  93  91 
118 118 116 118 111 112 100  96 
111 115 116 115 106 107 100  98 
 91 103 108 104  86  88  80  83 
 96 112 121 114  91  91  85  88 
101 119 128 121  99 102  92  93 
104 120 130 126 110 114 105 101 
110  78  82  41  19  39   0   9 
108 107 114  51  35  24   8   9 
 82 115  94  48  31  21  19   8 
 73 108  32  36   8  24  13   4 
 78  85  14  36   9  13   0   0 
 82  51  35  32  22   0   0   0 
 75  11  40  22  14   0   0   0 
 89   7  34  21   0  16   0   0 
 81  88 111  97 138 142 101 125 
 75  87  80 123 144 133 105 115 
 78  85  74 138 150 106 119 121 
 75  79 108 136 151  78 134 128 
 73  80 146 146 148  99 127 116 
 89 100 140 135 115 130 120 113 
 94 118 148 142 116 147 119 109 
 70 118 171 161 149 141 120  97 
 94 104  87  65  68  81  21  49 
120  76  86  79  38  52 106  36 
100  91  68  77  27  54  74  20 
 77  99  75  53  54  62   0  11 
100  75  85  29  65  22  18  19 
100  83  64  53  55   1  33  14 
 88  98  42  67  19   8  13   9 
 96  64  62  53   0  12  21  13 
 78 138 167 112 139 136 107 109 
 89 141 154 118 138 132 105 101 
111 153 135 127 136 127 106  93 
123 150 119 135 135 122 105  82 
140 149 112 138 129 115 107  77 
146 137 119 137 125 112 104  70 
153 132 132 131 118 105 101  64 
155 127 143 128 115 103  97  61 
 39  55  31  45  70  58  77 116 
  0  81  49  72  69  77  79  70 
  0  93  61  88  66  87  92  59 
  0  71  76  88  85  82  96  75 
  0  23 104  88 123  91 100  80 
  0   7 111  78 127 104 107  79 
  0   9  87  94 120 122 123 101 
  0  14  56 127 124 135 126 115 
 17  19  33  32  37  39  24  11 
 53  33  24  12  16  25  17  10 
 29  26  39  42  37  27  11   1 
 22  16  29  37  37  28  11   4 
 41  21  12  14  14  19   8   0 
 26  23  22  13   3  18  36  47 
 31  36  26   3   0   6  39  58 
 24  27  20  16   7  14   0   0 
 15  15  36  70  60  50  42  49 
  3  28  25  99 102  55  73  66 
  0  27  67  37  33  70  58  73 
 22  39  40  48  61  54  67  75 
 58  33  33  53  84  80  77  71 
 76  34  85  51  61  89  61  64 
 86  57  99 137 126  77  89  75 
 67  11  81  81  97 127 112  81 
 29  43  10  11   5   0   0   0 
 36  10  17   8   7   0   0   0 
 42  11   6  29   0   0   0   0 
 41  36  11  27   0   0   0   0 
 36  60  28   0   0   0   0   0 
 23  71   7   0   0   0   0   0 
 24  60   0   0   0   0   0   0 
 43  34   0   0   0   0   0   0 
 53  33  31  69  54  25  29  26 
 45  50  52  68  38  24  26  13 
 30  40  48  66  38  33  26   7 
 53  37  38  61  45  42  35  27 
 77  56  60  50  34  33  42  37 
 51  66 109  59  41  34  50  30 
 33  56 122  52  41  21  48  25 
 58  46 100  21  24   0  43  39 
 23  29  45  41  40  52  69  50 
 54  45  22  38  40  67  49  26 
 44  50  44  54  60  63  53  52 
 45  31  44  42 106  76  70  50 
 37  28  46  40  96  58  55  42 
 28  42  49  57  51  43  42  57 
 48  43  34  56  48  65  52  45 
 43  44  66  67  55  52  63  52 
 20  21  25  29  37  35  10   8 
 31  35  11  14  12  36  15  15 
 30  41   5  17   6  36  11   5 
 30  39  13  28  22  26   9   3 
 42  37  24  31  41   5  15  18 
 43  39  38  50  65   0  16  16 
 28  35  30  52  61   0   9   1 
 33  42  14  37  35   0   7   0 
 62  11  79  49  55  63  61  38 
 92  93  80  42  47  46  58  49 
 55 138  80  76  88  65  60  42 
 42 126  50  68  77  71  73  68 
 73  92  45  65  53  68  66  70 
 94  55  69  82  61  70  47  43 
119  49  88  73  69  76  64  63 
110  43  93  61  75  71  67  62 
 27  32  53  44  50  31  19  12 
 22  25  52  50  47  32  21   8 
 18  15  52  60  49  36  31  12 
 13   6  46  66  46  39  31   7 
 11   3  37  65  51  49  40  17 
 11   3  26  58  51  53  35  17 
  8   2  10  44  53  58  36  25 
 10   6   3  37  55  59  31  27 
 15  30  16  30  15   9   1  21 
 24  31  20  28   3   0   4  23 
 15  30  49  72  46  35  35  37 
 29  24  36  49  20  15  29  28 
 32  18  24  33  20  16  33  29 
 34  26  36  43  44  31  39  34 
 67  57  49  34  37  18  24  33 
 26  35  44  40  54  29  28  40 
  6  29  21  13  19  10  21  34 
 12  19  24   8  23  20  25  21 
 23  19  46  11  28  30  37  25 
 21  18  71  19  26  29  44  36 
 20  14  60   9  17  21  36  28 
 28  22  43  12  32  35  41  26 
 34  43  37  28  50  47  47  36 
 20  48  33  37  51  39  40  41 
 43  39  34  67  81  67  42  21 
 26  39  42  53  40  18  21  34 
 43  43  34  36  41  23  29  45 
 48  34  12  18  51  36  35  43 
 21  20  16  18  54  25  28  46 
 21  27  28  26  64  23  23  45 
 30  27  23  15  67  21  17  36 
 40  41  37  20  67  17  22  52 
 25  13  69  73  67  62  55  22 
 22  28  35  83  82  95  81  60 
 19  40  21  74  89  91  90  98 
 34  37  27  34  82  65  70  96 
 59  40  43  20  64  68  49  85 
 38  42  61  38  25  67  37  87 
 15  33  67  49  15  63  53  67 
 29  24  53  35  44  80  84  25 
 23   5  40   3   5  56  23  12 
 36  18  21  11   0  33  73  55 
 21  28  26  62  19  11  90  53 
 43  54  27  59  15   0  88  82 
 12  37  23  44  20   0  38  62 
 22  30  16   7   0   0  12  57 
 16  20  33  33  30  30  21  32 
 18   0   6   6   1  31  47  41 
 18  39 137 147 112  90  23  11 
 76  42  69 125 118 133 137  57 
  0  29   0  28 130 158 143 109 
 65  53  43  24  34 109 158 149 
 88  60  91  77   5  44 130 137 
 67 111  71  72  81  52 109 196 
 39  88  93  96  89  56  66 101 
 59  77 128  62   6  34  24  28 
 18  36  42  75  37   2   0   0 
 21  29  13  43  37   9   6   0 
 24  33   4  20  38  12  22  13 
 14  40  19  16  38   5  21  19 
  5  37  35  20  41  15  15  13 
  6  26  40  22  39  41  15   5 
 16  20  52  28  29  65  20  16 
 14  13  56  26   6  61  15  23 
 17  27  14  22  24  42  38  52 
 17  21  18  10  22  24  30  40 
 15  15  23   5  24  11  25  35 
  8  15  24  14  25  14  23  38 
  1  15  17  25  19  20  17  38 
  0  13  10  25  14  19  11  36 
  3   7  10  16  19  17  23  45 
  9   5  15   8  31  19  39  59 
122 126  37   1   0  13  36  60 
  0 107  69   5   2  49   0   0 
 42  26  72  28  20  11  23   9 
 78  31  46  20  60   2   3  11 
176 115  40  61  39   7   0  20 
 95  58  32  71  22   8  27   5 
 98 140 100   4   6   8  12   0 
121 113 101  61   8  15   0   7 
  2  27  37  91 139 110 134 217 
 46   2   7  45 108 141  62 206 
  0  30  25  30  46  74 154  94 
  0  17  22   7  62  67 136  90 
 21   0  24  17   0  39 105 192 
  0   0   3  39  29  43 116  86 
  9   9  11   0  40  22  44 108 
  0   0   5  29  33  70  43  79 
 58 109 104  73  25  16   0  12 
 23  87  78  69  14  31  25  11 
 49  52  99  83  77   9  43  10 
 67  37  72  94  45   0   3   7 
119  88 101  88   8   9   0   5 
117  90 103  84  35  11   0  15 
 36  58  17  79  23  12   0  17 
 61 112  44  48  41   0   0   0 
205 210 212 210 210 214 221 219 
201 207 209 209 210 214 221 219 
200 208 212 214 218 221 226 225 
215 223 228 231 233 235 239 237 
229 237 244 245 248 249 252 249 
243 250 255 255 255 255 255 255 
245 252 255 255 255 255 255 255 
249 254 255 255 255 255 255 255 
183 191 192 190 195 197 184 176 
198 183 202 185 187 200 198 187 
224 182 197 188 194 204 208 200 
224 203 182 199 211 215 209 206 
166 227 183 203 209 221 213 203 
101 217 207 202 195 223 222 201 
 93 163 215 200 195 221 226 202 
126 107 210 206 213 220 220 204 
113 117 127 130 140 140 147 148 
142 145 156 159 168 168 175 175 
158 163 178 181 194 193 198 198 
163 168 185 189 203 203 208 208 
163 169 190 196 213 213 221 221 
166 170 191 197 216 217 225 226 
164 169 189 194 212 214 224 225 
167 170 188 191 210 211 220 221 
115  88 208 208 204 210 215 205 
108  78 158 214 217 221 217 206 
 96  85 108 221 215 204 193 190 
 59  89  86 228 215 201 207 220 
 57  95  65 197 220 215 219 219 
 61 133 140 200 221 200 236 255 
 67  73  76 107 232 233 246 251 
 71  66  97  90 234 225 248 255 
130 125 152 148 149 159 154 179 
128 130 154 145 142 154 154 177 
128 138 158 142 137 152 155 170 
131 145 156 144 141 159 161 161 
131 144 149 145 152 169 166 151 
130 141 142 147 162 176 174 152 
132 142 139 152 168 179 182 164 
135 147 143 159 174 181 192 179 
105 113 122 122 109 110  93  94 
108 118 127 127 112 113  97  98 
110 120 130 128 111 113  97  97 
107 120 130 126 109 111  96  96 
103 119 130 123 105 108  93  92 
102 120 131 124 105 111  96  95 
 96 117 130 121 101 107  95  94 
 93 115 129 119 100 107  95  94 
116 124 129 138 140 165 106 141 
127 132 135 144 144 168 112 143 
124 129 130 140 138 157 110 136 
118 125 132 137 133 145 116 140 
121 130 142 144 131 136 127 150 
119 127 140 141 125 124 129 148 
116 120 133 136 126 126 139 151 
124 123 135 143 142 145 163 168 
 93 112 123 120 105 109  94  91 
 95 112 123 121 105 108  92  91 
 96 111 123 119 102 104  87  87 
 99 112 123 120 102 103  86  87 
100 111 121 119 101 100  83  85 
101 110 119 119 101  98  83  88 
100 108 117 118 102  98  83  89 
100 107 116 118 102  98  84  91 
 35  12  12   9   3  28  21   0 
 50  34  21  15   0  56   7   0 
 32  31  34  30   6  41   0   0 
 22  18  31  41  48   7   0   0 
 27   9  10  15  84   0   0   0 
 24  22  14   0  71   0   3   0 
 28  36  27  22  47   0   0   0 
 35  23   5  42  39   0   0   0 
178 161 165 147 119  92  97  71 
157 126 133 122 129 114  95 100 
153 130 146 113 118 107 112 177 
143 118 132 120 127 106  96 106 
134 118 125 128 117  96 111  52 
132 128 129 125  94  86 137  60 
126 115 108 105 102 100 109  17 
145 140 139 102  95  91  88  44 
 54  20  20  25   2   2  14  11 
 44  18  13  13   0   0  14  17 
 52  37  30  21  16   6  27  28 
  0   0   0   0   9   4  33  28 
  2   1   4   1  21  20  59  37 
 24   8   1   0   5   3  52   5 
 33   7   7   3  16  20  71   0 
 40   7  12  15  23  20  65   0 
165 138 127 138 117 109  76  50 
114 115  98 104 110 161 119  83 
104 131 113 100  85 140  80  66 
102 125 111 115  95 127  55  82 
132 128  99 110 116 121  52  81 
126 126  99  90 112  94  67  84 
164 160 136 105 125  54  63  61 
149 125 113 112 172  81 108  90 
  0   0  13  42  55  59  92 128 
  0   0   6  33  51  58  81 102 
  0   0   4  28  51  62  73  77 
  0   0   3  22  47  65  73  68 
  0   0   8  22  46  68  79  76 
  0   0   5  20  40  62  79  85 
  0   0   2  19  39  57  73  85 
  0   0   1  21  41  56  71  83 
 59  20   0   0   0   0   0   0 
 49  15   0   0   0   0   0   0 
 35  11   0   0   0   0   0   0 
 18   5   0   0   0   0   0   0 
  9   3   0   0   0   0   0   0 
  5   4   0   0   0   0   0   0 
  6   6   0   0   0   0   0   0 
  8   8   1   0   0   0   0   0 
  0  29  71 130 148 154 135 150 
  0  26  56  98 156 133 146 156 
  0  14  50  76 145 140 140 159 
  0   0  47  77 104 157 128 148 
  0   0  36  75  77 138 154 141 
  0   0  24  63  77  90 186 152 
  0   0  26  58  83  78 159 184 
  0   0  29  56  69  91  92 201 
  6   0   0   0   0   0   0   0 
  4   0   0   0   0   0   0   0 
  0   0   0   0   0   0   0   0 
  0   0   0   0   0   0   0   0 
  0   0   0   0   0   0   0   0 
  0   0   0   0   0   0   0   0 
  0   0   0   0   0   0   0   0 
  0   0   0   0   0   0   0   0 
 44 106   0   6   0   0   1   0 
 78 134  15  13   0   0   0   0 
 23 106  27  58  51  41  33  18 
 23  85   0   0   0   0  24  33 
 31  97   0  17   8   7  18  19 
 34  92   0   9   7  10  28  34 
 55 107   0  16  14  15  30  32 
 57 107   0  16  15  18  30  30 
 60  70  66  54  53  54  65  62 
 60  66  67  64  63  55  53  42 
 75  68  58  60  64  58  60  56 
107  91  70  63  58  46  51  54 
107  96  81  75  63  47  48  52 
106  99  82  72  60  48  50  52 
143 135 110  88  66  51  39  26 
124 128 117 109  96  80  54  25 
 43  78  81  15  28  28  36  63 
 47  82  72  16  30  28  35  59 
 61 100  61  22  31  25  29  48 
 61 110  43  21  29  21  25  37 
 63 130  30  22  21  12  16  19 
 54 148  24  26  17   9  16  11 
 43 159  20  25   3   0   7   0 
 31 163  16  21   0   0   3   0 
 84 113 107  84  74  76  77  80 
119  91 103  96  76  47  38  43 
127  73  92 100  80  47  37  34 
 99  88  75  88  75  68  64  50 
 62 110  58  79  74  71  59  51 
 52 112  65  89  92  72  52  60 
 49  80  85  80  93  79  59  69 
 56  55 110  59  80  87  71  69 
 90 152  51  59  52  55  54  48 
124 180  68  66  50  49  52  49 
 66 149  78 109 107  97  81  66 
 66 128  29  43  41  53  72  81 
 71 137  45  64  59  58  62  63 
 74 132  35  56  58  61  72  78 
 92 144  41  61  61  62  68  70 
 94 144  40  61  62  65  68  68 
 51  69  46  60  95  36  28  74 
 60  65  37  58 112  58  38  65 
 67  60  30  48 110  62  46  61 
 72  63  34  37  90  41  42  60 
 75  65  43  37  89  39  47  56 
 74  55  39  34  97  49  51  40 
 65  44  31  26  91  44  48  29 
 66  48  38  24  84  35  51  34 
 52  36  32  26  73  84  43  47 
 36  34  43  37  59  67  40  52 
 80  60  53  36  36  54  41  58 
 68  41  43  54  65  93  61  51 
 59  28  23  44  62  97  53  35 
 78  49  24  28  35  70  32  34 
 37  35  22  36  44  72  24  35 
 46  44  20  28  38  68  18  38 
 45  56  26  16  82  38  30  42 
 38  52  29  24  89  41  31  38 
 58  61  31  20  79  36  31  38 
 74  72  42  30  86  46  46  51 
 63  65  52  54 114  74  71  65 
 63  59  46  49 105  68  70  60 
 73  59  42  39  90  57  65  57 
 66  55  44  46  97  61  67  53 
 15  20  44  31  19  49  39  18 
 16  15  44  36  25  58  56  28 
 33  24  59  51  32  60  68  26 
 26  16  54  42  15  34  55   5 
  9   5  46  34   7  20  57   8 
 12  16  50  32  16  21  64  18 
 10  17  38  17  16  12  53   8 
 11  18  31   9  22  17  54   9 
 26  23  42  30  18  32  67  30 
 17  11  37  19  12  21  55  23 
 10   3  38  14  14  11  49  25 
 11   1  40  13  16   9  42  31 
  9   0  34   9   9   5  28  34 
 10   0  25  10   5   8  17  38 
 17   3  20  16   1  17  11  46 
 17   2  13  16   0  20   4  47 
  7  28  38   3  21  13  42  14 
  0  22  20   0  12   7  42  12 
  7  39  17  14  13   8  49  11 
  6  39   5  18   6   4  50   5 
  8  34   4  25  16  17  67  20 
 28  39  24  36  31  32  79  29 
 21  16  20  17  15  13  54   4 
 14   0  18   5  12  10  48   0 
  5  17  10   0  17  15  10  55 
  6  19  14   0  11   6   1  48 
  0  10  15  10  26  29  33  82 
 17  26  29  21  28  27  26  65 
 26  24  24  12  12   8   2  28 
 16   9  12   8  11  13  12  34 
 21  13  19  13   9  10  12  34 
  9   4  15  10   6   9  16  42 
 33  69  72  44  51  21   0   0 
 22  57  68  37  48  11   0   0 
 18  50  75  38  52   5   0   0 
 12  41  78  38  52   0   0   0 
 12  37  76  39  45   0   0   0 
  8  32  68  40  36   0   0   0 
 12  32  58  42  25   0   0   0 
  3  21  44  35  12   0   0   0 
 33   6  18  20  30  20  31  41 
 23  26  23  18  22  16  25  25 
  4  46  23  18  14  16  20  10 
  0  47  10  17  15  18  22   8 
  0  38   2  18  21  20  20  11 
  0  26  10  20  21  16  20  15 
  0  21  33  21  14  13  22  19 
  0  16  50  20   6  11  28  23 
  0  55  90  49   0   0   0   0 
 54  76  77  33   0   0   0   0 
 38  45  32   0   0   0   0   0 
 21  34  29   0   0   0   0   0 
 21  37  36   8   0   0   0   0 
 16  23  16   0   0   0   0   0 
 43  41  23   0   0   0   0   0 
 31  32  21   0   0   0   0   0 
  0   7  44  24  28  28  19  14 
  0   0  51  33  24  11  19  20 
  0   0  47  46  27   6  20  18 
  0   0  22  56  25  15  16  10 
  0   0   7  70  20  23  12  12 
  0   0   4  71  19  19  12  24 
  0   0   4  53  36  21  24  32 
  0   0   0  31  54  28  37  29 
 29  25  63  65 197 214 248 255 
 26  28  66  68 187 207 244 255 
 36  29  56  63 173 206 245 255 
 47  21  34  60 168 210 245 255 
 39  17  39  87 176 214 234 255 
 20  24  61 115 176 215 225 246 
 36  46  67 103 157 228 239 242 
 63  63  51  67 131 242 255 251 
255 255 255 255 255 255 255 255 
255 255 255 255 255 255 255 255 
255 255 255 255 255 255 255 255 
255 255 255 255 255 255 255 255 
255 255 255 255 255 255 255 255 
255 255 255 255 255 255 251 247 
252 251 252 254 253 252 247 245 
255 255 255 255 255 255 255 254 
 13  68  36  86 127 253 252 250 
 19  58  33  89 119 219 230 252 
 11  49  44  90 108 182 173 179 
 29  41  45  88 106 159 143 150 
 26  29  69 129 145 162 142 158 
 17  50 113 130 133 161 148 141 
 43  61 108  89  94 140 144 135 
 39  11  76 118 144 144 126 134 
255 255 255 255 255 255 254 253 
243 246 248 248 244 241 239 240 
182 189 195 195 189 184 181 184 
158 165 172 174 170 165 160 159 
163 167 174 181 185 184 178 175 
158 161 170 179 187 190 186 183 
155 159 167 174 178 182 182 182 
151 158 166 169 166 165 168 172 
102 117 129 128 121 124 130 135 
107 121 132 129 123 124 130 135 
113 126 133 129 124 125 130 134 
117 128 133 129 122 124 127 132 
118 127 132 128 121 122 127 131 
116 126 132 128 122 124 127 128 
114 124 131 128 126 127 129 131 
114 124 132 131 128 131 132 132 
138 137 158 145 133 126 119 113 
137 137 144 139 137 140 120 118 
131 142 134 134 131 143 112 121 
126 148 133 134 124 137 102 126 
127 147 130 136 132 150 111 131 
133 136 126 136 149 167 131 132 
134 131 138 139 145 152 128 120 
128 130 155 144 129 121 111 106 
112 122 133 135 133 129 132 135 
112 121 132 134 130 127 130 134 
111 120 131 132 128 126 129 134 
112 120 129 131 127 125 129 135 
111 120 131 132 129 128 133 138 
109 118 129 133 130 129 134 139 
104 115 128 132 131 129 135 139 
101 111 127 131 131 129 134 138 
134 140 145 118 140 107 120 105 
136 138 139 119 139 101 110  95 
140 136 132 121 144 111 123 117 
138 132 132 134 157 125 127 124 
130 132 134 146 158 118 104  92 
134 138 128 131 135 105  96  88 
135 141 123 119 117 103 102 101 
122 139 130 129 122 107  96  87 
158 131 130 125 163  95 102 100 
160 145 125 121 105  61  58  67 
131 140 124 139  81  75  67  81 
143 150 135 137  62  69  58  61 
147 141 138 112  72  81  85  78 
152 144 161 104  88  66  62  41 
139 144 182 119 128  97  98  91 
122 127 153  74  80  54  68  83 
120  94  68 135  67  54  50  39 
 89  96 114 126  55  50  47  33 
 63  77 140  98  49  48  42  39 
 70  59 136  69  54  49  35  44 
 80  71 137  55  58  54  33  38 
 60  83 120  43  49  55  40  33 
 71 104  88  45  47  51  42  33 
118 126  61  54  57  43  34  34 
130 125 100  93  78  64  58  48 
131 141  96  93  76  58  56  50 
115 147  78  85  75  52  53  55 
156 195 107 113 100  70  76  80 
137 163  79  85  77  62  96  99 
125 115  59  62  57  63 125 120 
142  96  72  63  44  46 112  78 
125  64  78  70  50  50 112  58 
170 176 203 176 218 185 203 188 
172 174 197 177 217 179 193 178 
182 178 194 183 225 192 207 201 
180 174 194 196 238 206 211 208 
175 177 199 211 240 200 187 175 
179 183 193 196 217 187 179 171 
182 188 189 185 200 186 184 183 
169 186 196 195 205 190 178 169 
  0   0   4  15  34  48  66  88 
  0   1   6  17  32  43  56  76 
  0   3   7  18  31  39  50  67 
  0   0   5  17  32  40  50  66 
  0   0   4  15  32  41  51  66 
  0   1   3  12  29  38  48  63 
  0   2   0   8  25  37  46  62 
  0   0   0   4  21  35  47  65 
  0   0   0   1   0   0   2   0 
  0   0   0   0   0   0   0   0 
  0   0   0   0   0   0   0   0 
 46   3   0   0   0   0   0   0 
132  36   0   0   0   0   0   0 
185  79   0   0   0   0   0   0 
192 131   0   0   0   0   0   0 
182 172   0   0   0   0   0   0 
  0   0   2   0  17  42  50  69 
  0   0   4   0  14  38  45  65 
  0   1   6   0  12  33  40  62 
  0   1   8   0  10  29  38  61 
  0   1   9   1  11  31  38  60 
  0   0   7   0  11  31  35  56 
  0   0   5   0  10  28  31  48 
  0   1   3   0   8  27  27  42 
  0   0   0   0   0   0   0   0 
  0   0   0   0   0   0   0   0 
  0   0   0   0   0   0   0   0 
  0   0   0   0   0   0   0   0 
  0   0   0   0   0   0   0   0 
  0   0   0   0   0   0   0   0 
  0   0   0   0   0   0   0   0 
  0   0   0   0   0   0   0   0 
 85 110  27  26   8  28  18  11 
 91  82  20  49  16  16  10   5 
 91 106  27  25  25  33  16  26 
113  85  32  30   0  20  29   0 
109  84  27  40  48  33  10  34 
208 135  97  96  55  46  40  21 
181 137  91  71  73  84  75  77 
153  75  48  57  45  34  29  31 
 60  51  66  52  43 148  25  61 
 54  60  62  62  43 102  49  70 
 47  72  65  66  45  63  82  56 
 41  71  70  59  50  51 101  40 
 47  58  71  61  55  44  89  66 
 50  44  65  69  60  34  56 110 
 38  51  55  68  61  38  22 104 
 22  66  48  58  62  55   4  66 
156  53  66  65  47  44  34  42 
146  49  59  49  38  52  46  42 
138  39  50  43  36  54  51  48 
130  30  47  51  42  50  46  50 
109  31  61  56  50  62  55  48 
 94  38  75  56  47  74  66  42 
110  40  71  62  55  73  62  47 
137  33  57  73  66  57  46  56 
 50  59 105  67  81  74  70  50 
 65  66  48 116  48 100  57  62 
 62  67  62 126  49  68  61  65 
 69  61  70  82 109  78  89  40 
 56  73  68  71 130  88  85  65 
 45  76  75  65 113  50  46  85 
 71  65  55  45 103  67  35  47 
 56  68  52  69  73 104  40  40 
 10   0  15   0   8  39  16   1 
 12   0  14   1   5  39  14   0 
 12   4   7   7   0  41  11   0 
  5   5   0   9   0  43  15   6 
  9  13   2  15   0  43  21  10 
 20  23  13  18   8  41  28  13 
 23  26  18  17  16  37  37  15 
 20  21  17  11  18  35  42  18 
 18  39  40  54 115  97  49  44 
 22  38  35  46 103  90  44  41 
 23  31  25  29  76  75  27  27 
 29  31  22  23  60  71  23  26 
 30  25  16  16  41  65  12  16 
 28  21  16  20  35  70  12  15 
 23  15  17  24  34  75  10  13 
 16   9  16  24  32  77   8   9 
  8  12  12  10  21  21  49  10 
 21  24  23  18  25  23  51  11 
  0   4  11  16  32  41  76  41 
  2   8  12  13  26  30  64  27 
  8  12  13   9  17  19  49  10 
  0   1   4   4  17  22  56  20 
  8  12  10   5  14  15  45   8 
  8  12   9   4  14  15  47   9 
 20  18  15   6  71  18  21  24 
  7  11  20  21  84  21  19  21 
 15  13  22  24  88  23  24  32 
 21  13  17  22  89  23  22  31 
 14   9  14  25  96  29  17  15 
 22  19  19  20  93  34  29  26 
 34  34  30  15  76  27  31  31 
 38  50  51  30  83  28  29  27 
 12   5  11  10  14  13  10  40 
 13   6  11  11  17  17  14  41 
  9   0   4   2  10   8   3  29 
  4   0   3   4  17  19  17  44 
  0   0   0   0   4   3   1  27 
  0   0   1   0   9   8   9  38 
  0   0  14  18  31  36  46  81 
 22  19  27  18  17   9  10  42 
 23  23  17  23  19  20  52  63 
 41  36  25  29  22  21  47  52 
 34  27  14  15  10   8  31  30 
 29  26  16  16  10   9  33  31 
 26  29  26  24  18  16  45  45 
 20  27  26  22  13  12  39  39 
 22  27  27  23  13  13  38  34 
 15  18  15  14   9  11  32  23 
 12  12  12   7  16  25  27  24 
  4   5   6   2  11  19  20  17 
  0   1   5   4  10  15  16  13 
  0   0   4   5  11  13  13  12 
  0   0   1   3   9  10  12  14 
  0   0   0   1   5   6  11  18 
  0   0   0   0   1   2  12  23 
  0   0   0   0   1   3  16  27 
  8  12   2   7   3   4  61   6 
  9  12   3   7   4   4  58   7 
  7  10   1   2   2   0  48   6 
  8   8   2   1   3   0  40   8 
 15  13   9   5  12   5  40  19 
 23  19  17  10  19  11  38  29 
 27  21  25  15  26  17  41  38 
 26  20  23  14  26  16  36  38 
  0   0   3  22  77  53  42  35 
  0   0   5   7  64  46  37  35 
  0   0  14   4  54  51  31  33 
  0   0  15  14  42  64  26  30 
  0   0   8  22  25  74  28  34 
  0   7   5  23  17  75  45  45 
  0  11  11  17  24  63  61  41 
  0   2  13   7  31  46  62  23 
 49  25   0   0   0   0   0   0 
 56  16   0   0   0   0   0   0 
 55  11   0   0   0   0   0   0 
 45  18   0   0   0   0   0   0 
 44  37  51   0   0   0   0   0 
 50  60 128   0   0   0   0   0 
 43  83 176  14   0   0   0   0 
 31  98 184  52   0   0   0   0 
  0   0  20  20  20  28  71  26 
  0   1  16  17  23  27  63  34 
  0   5  10  12  21  21  49  48 
  0   2   4   7  17  13  34  63 
  0   1   3   8  13  10  23  73 
  0   0   3  12  10  12  17  68 
  0   0   0  11   4  16   8  47 
  1   0   0   7   0  18   1  27 
 42  44  21   0   0   0   0   0 
 36  40  19   0   0   0   0   0 
 35  35  13   0   0   0   0   0 
 43  34   5   0   0   0   0   0 
 54  33   0   0   0   0   0   0 
 57  30   0   0   0   0   0   0 
 50  25   0   0   0   0   0   0 
 40  20   0   0   0   0   0   0 
132 136 139 146 146 143 148 152 
137 139 141 146 143 136 138 139 
111 113 112 115 114 106 106 106 
 63  63  62  67  68  63  65  66 
 37  35  33  38  41  38  45  47 
 49  46  42  47  49  47  51  52 
 62  60  57  64  65  59  61  58 
 62  61  61  69  70  63  61  56 
 22  10  40  14  41 119 134  90 
 10  17  10  18  91 103  69  77 
  0  28  31  34  58  61  73  93 
 24  28  15  24  22  48  90  82 
 21  21   0  22  26  35  65  84 
 10   7  17  37   6  47  89  91 
 40   2  14  32  14  92 107  63 
 33  20  15  36  45  66  27  55 
  0   0   0   0   0   3  51   6 
  0   0   0   0   0   2  43  14 
  0   0   0   0   0   0  30  29 
  0   0   0   0   0   0  15  44 
  0   0   0   0   0   0   2  52 
  0   0   0   0   0   0   0  47 
  0   0   0   0   0   0   0  25 
  0   0   0   0   0   0   0   5 
 25  18  57 115 145 123 121 114 
 25  12  39 111 168 126 142 115 
 18  18  24 124 163 127 125  87 
 17  38  28 138 128 135  85  53 
 26  38  37 106 101 151  79  46 
 29  14  34  44  92 148 108  64 
 14   1  24  13  72 112 117  76 
  4  16  25  28  55  81 107  81 
