 98 109 127 137 183 224 234 248 
112 119 130 133 177 227 246 255 
115 129 145 144 181 228 240 247 
125 142 158 155 193 240 248 251 
149 158 161 151 187 234 247 255 
155 159 161 149 170 195 191 195 
 99 106 122 124 144 151 133 134 
119 126 152 173 208 228 223 235 
255 241 176 129 105  89  88  97 
255 243 180 129  96  98  91  69 
255 231 191 142  68  69  71  47 
255 229 179 113  45 124 184 176 
255 242 191 120  69 178 196 139 
200 168 131 107  81 175 177 162 
123 113 102 116  96 140  99 114 
219 228 183 150 135 200 134 117 
119 119 146 157 202 212 229 223 
118 117 140 150 191 199 215 211 
122 120 136 145 179 185 198 195 
125 124 140 153 179 185 191 190 
122 124 142 163 185 191 195 197 
136 138 152 174 187 191 189 192 
134 135 145 171 182 189 186 195 
114 118 128 161 177 194 198 213 
211 217 178 151 141 199 173 170 
197 211 170 144 127 185 180 161 
177 201 156 134 102 151 179 147 
185 208 161 145  95 119 176 150 
191 207 164 157 102  97 168 161 
177 189 157 154 112  95 161 169 
188 201 170 158 128 105 143 148 
201 212 175 141 113  80  88  79 
124 142 191 143 198 170 217 197 
 65 136  87 109 156 128 187 176 
 40  36  41  94  84  74 237 180 
126  86  94  60  35  35 196 244 
119  85  85  61   0  15 121 225 
100  95  72  45  28   0  65 148 
 99  16  41  29  21   0 144 146 
 82  35  48  53  62  47 127 162 
208 197 222 201 255 169 179 206 
163 165 180 185 225 168 177 219 
162 177 187 229 255 242 232 255 
235 190 139 181 253 255 255 255 
224 187 149 159 212 224 222 221 
128 139 156 149 165 146 162 172 
159 149 144 141 172 181 194 189 
142 150 150 147 151 165 179 185 
 77  54  83  70  60  56 144 169 
 49  48  82  64  67  71 116  83 
 60  50  65  49  78 109 159 123 
 72  46  66  77 112 114 156 139 
 89  43  45  64 116 123 177 185 
102  62  56  60 107 102 127 109 
126  87  69  57 105 121 173 178 
 83  60  64  66 107 107 164 187 
154 159 167 164 183 194 192 200 
 80  98 134 161 182 170 141 131 
 99  99 131 167 198 195 179 176 
150 123 140 176 211 219 220 231 
168 124 133 166 198 209 220 232 
110  79 112 163 191 188 177 167 
190 127 119 136 158 187 222 236 
188 134 136 153 167 182 199 198 
122 140 136 163 165 201 184 175 
130 136 127 161 169 188 149 122 
139 141 132 158 158 156 101  64 
132 149 151 160 152 149 107  73 
134 155 150 134 120 119  91  50 
169 176 162 139 136 130  93  40 
108 106 106 108 123 107  71  20 
101  94 106 122 133  95  52   7 
144 169 135  97  74  59  65  48 
 64  91  70  54  56  51  51  34 
 49  68  47  38  51  45  30  14 
 31  38  26  26  45  44  31  23 
 20  17  26  38  43  42  25  23 
 27  13  49  73  57  48  28  19 
  9   0  51  94  66  63  42  26 
 14   0  54 104  70  68  54  32 
111 121 107 119 133  91  29  21 
111 115 109 121 112  85  21  21 
121 121 119 135 104  79  33  26 
124 126 124 145 112  60  45   9 
122 135 123 150 126  36  57   0 
122 139 123 149 121  26  47   0 
127 144 126 146  98  32  22   0 
125 139 123 137  64  35   0   0 
  0   0  29 133  93  56  45  25 
  0   0  20 116 111  58  34   1 
 11   0  15  81 105  68  46  17 
  0   0  16  68 102  84  44  10 
  1  22  34  79  95 108  46  16 
  4  17  24  67  79 113  54  36 
 27  11  31  81 100 114  53  33 
 91  25  27  58  87  87  47  38 
 12  33  12  26 156 218 217 250 
 35   7  24  53 113 182 215 203 
 26   0  32  40  32  91 168 169 
 19  25  43  28  26  57 115 161 
 23  39  39  33  61  70  85 123 
 25  23  39  44  53  58  78  96 
 32  29  47  49  37  38  71  94 
 23  30  33  35  52  42  43  68 
243 228 186 178 188 202 224 220 
183 176 150 150 155 154 158 148 
161 164 160 164 157 144 156 175 
 63  74 117 170 172 122  83  79 
 73  20  26 102 170 181 158 166 
113  37  19  73 151 194 181 190 
 85  33  20  42 113 193 203 220 
 89  45  22  20  99 215 241 250 
 32  36  27  40  43  48  40  47 
 25  27  18  29  31  36  29  36 
 33  35  20  30  27  31  27  35 
 42  45  27  34  30  32  29  40 
 47  49  27  31  22  25  23  35 
 53  56  35  39  28  29  28  39 
 57  60  37  42  31  31  29  40 
 48  51  30  34  23  21  19  30 
 80  12  33  44  54 232 255 245 
 64   0  28  35  61 210 250 252 
 58   0  37  42  74 172 192 199 
 33   0  23  42  78 160 159 165 
 30   4  19  52  68 152 121 119 
 25   8  20  60  50 117  73  62 
 23   0  16  52  45 105 109 127 
 70  11  23  37  37 105 180 243 
