 86  93  94 100 102 104 106 104 
 87  95  97 104 104 105 111 112 
 89  99 105 111 106 106 115 122 
 91 102 109 113 104 101 114 126 
 98 108 118 123 113 106 120 134 
104 114 124 130 119 109 122 139 
109 118 129 138 129 119 129 144 
107 115 127 136 131 120 129 144 
122 127 125 132 115  83 121 147 
123 131 129 131 112  82 117 140 
126 140 137 132 110  83 116 133 
126 143 141 134 111  87 120 130 
130 148 146 140 118  93 123 134 
131 147 146 144 123  95 124 138 
138 150 147 152 128  95 122 141 
141 149 145 154 129  92 119 141 
113 125 130 129 130 132 144 148 
115 129 138 138 137 139 151 155 
120 137 150 149 145 144 156 162 
120 138 152 151 144 142 154 159 
125 143 158 158 152 149 162 169 
129 146 159 159 156 157 173 180 
135 148 158 157 156 159 177 184 
140 149 155 150 150 152 168 174 
147 150 152 154 131 102 119 143 
156 158 161 161 136 107 122 144 
164 168 165 164 139 111 124 145 
168 170 165 161 138 112 126 146 
185 186 176 168 140 116 130 147 
191 192 182 170 141 116 125 139 
188 193 184 175 148 121 125 135 
184 193 188 183 158 133 135 140 
137 164 215 200 202 207 213 226 
137 164 215 201 204 209 216 227 
140 166 218 205 208 215 220 230 
139 166 219 206 209 215 220 229 
136 165 224 213 215 219 224 233 
125 161 225 215 214 215 221 233 
115 157 228 220 219 220 224 239 
104 151 227 221 219 219 225 242 
238 238 236 236 225 229 223 227 
239 240 238 238 228 231 226 230 
241 241 240 240 228 231 227 230 
239 239 238 239 226 230 226 230 
242 243 240 241 228 233 227 232 
243 244 242 243 231 237 230 235 
249 250 246 247 234 239 232 236 
246 248 244 246 232 237 230 235 
127 150 214 226 230 218 233 245 
125 162 225 226 227 224 241 248 
124 177 240 229 228 231 250 255 
129 181 240 226 230 230 245 252 
142 188 239 230 241 235 242 255 
145 192 240 231 248 240 242 255 
134 197 249 231 249 247 251 255 
120 200 255 227 243 250 255 255 
249 250 246 249 235 241 230 233 
255 255 250 251 237 242 230 233 
255 255 253 255 240 245 231 234 
255 255 252 253 239 242 230 232 
255 255 255 255 239 244 231 234 
255 255 255 255 240 245 232 236 
255 255 255 255 240 244 229 232 
255 255 254 255 236 240 224 227 
253 255 255 255 255 237 219 211 
253 255 255 255 255 235 212 199 
255 255 255 255 255 237 207 190 
255 255 255 255 255 241 208 186 
255 255 255 255 255 250 219 198 
255 255 255 255 255 250 222 203 
255 255 255 255 255 254 223 206 
255 255 255 255 255 250 219 201 
213 230 178 154 125 145 140 106 
197 223 181 160 126 143 140 109 
182 218 186 167 126 139 136 109 
178 217 187 169 126 136 133 105 
196 229 191 172 131 141 133 102 
210 238 196 174 133 145 136 105 
216 245 201 178 134 145 137 108 
210 241 199 175 130 142 136 109 
255 255 255 255 255 255 230 215 
255 255 255 255 255 255 233 218 
255 255 255 255 255 255 240 225 
255 255 255 255 255 255 237 222 
255 255 255 255 255 255 237 220 
255 255 255 255 255 255 233 217 
255 255 255 255 255 255 238 221 
255 255 255 255 255 255 239 222 
219 250 196 177 121 142 126 101 
231 254 198 185 127 140 123 104 
235 255 195 188 133 146 126 110 
229 254 194 179 126 145 124  96 
228 255 202 171 113 146 121  75 
217 255 199 164 111 154 129  75 
215 255 193 164 118 159 133  81 
228 255 195 169 119 151 122  75 
105 107 103 103 110 106 103 112 
 98 106 103  97 100 103 104 112 
 98 112 104  87  87  97 102 105 
108 118  99  70  74  94 101  97 
105 109  83  50  65  96 106  97 
106 106  74  46  68 104 115 104 
105 103  72  46  63  91  97  87 
102 100  70  41  49  66  66  57 
110  51  70  89  71  89 103  83 
106  51  71 103  99 108 117 108 
 89  84 105 103 100 130 137 122 
112 125 137 118 118 141 123  96 
123 103 107 123 143 137 105  96 
118  98  91  73  59  49  36  45 
 87  91 104  76  56  78  94 100 
 87  63  79  86  80  80  63  43 
 99 103  65  46  54  68 105 135 
 96  92  67  50  74  67  86  88 
104  97  66  69  80  74  64  52 
 93  83  34  50  35  50  43  50 
 93  66  21  16  10  31  75 104 
 97  48  26   1  37  51 143 176 
 90  35  11  19  67 102 180 202 
 87  43   0  64  92 164 193 211 
142 143 132 108  84  66  56  53 
 61  52  44  46  61  64  49  31 
 40  46  51  53  51  49  40  31 
 86 111 131 125 107  96  99 106 
159 168 172 169 160 154 149 144 
196 196 188 180 170 164 155 146 
186 193 191 179 163 156 154 156 
206 206 197 183 166 156 149 144 
101 157 197 186 170 166 160 145 
130 141 136 121 139 178 196 187 
102  82  83 107 115 109 134 174 
 99 109 122 139 163 178 165 142 
 78  64  43  39  74 130 172 184 
106  88  93 117 113  81  75  92 
112 123 131 147 185 201 160  96 
 69  77  79  95 147 196 189 151 
153 182 187 153 131 142 169 184 
196 161 175 180 137 139 180 182 
208 209 203 176 146 141 168 193 
134 173 181 170 170 160 162 190 
154 118 131 160 151 144 161 171 
152 132 114 106 100  91  99 120 
 49 100  92  67  80  68  53  80 
 68  61  62  68  69  70  87 110 
 40  45  33  15  21  56  93 111 
 52  55  47  27  13   8   8   2 
 14  15  19  20  23  22  23  23 
 89  74  64  60  59  53  54  57 
117 100  89  90  91  83  84  85 
141 122 105  96  92  85  85  86 
123 108  89  78  81  85  92  95 
127 118 103  91  90  89  88  84 
 88  86  64  63  94 100 125 187 
 51  78  72  58  78  97 113 134 
 16  43  54  43  51  78  97  99 
 44  35  44  47  42  56  89 105 
 84  55  56  57  37  32  59  73 
 98  84  87  77  53  45  48  37 
 84  84  88  79  66  60  50  29 
 88  82  80  78  74  66  57  49 
198 199 197 194 191 184 141 108 
198 196 194 192 186 171 119  83 
198 192 190 194 190 172 125  95 
204 198 194 197 193 181 150 135 
185 185 185 184 178 172 154 147 
131 142 152 152 148 148 130 118 
103 118 129 127 131 138 116  93 
129 142 143 133 137 146 119  88 
101 171 211 221 216 171 169 173 
103 172 218 235 230 180 174 180 
125 186 227 245 237 183 177 187 
151 194 217 227 218 163 161 176 
147 182 190 194 182 130 126 141 
116 160 176 179 166 114 107 118 
109 173 205 208 187 135 132 142 
126 204 247 247 222 170 173 185 
159 126  92  77  88 105 109 111 
144 125  87  49  53  87  97  92 
 74  69  74  65  35  16  48 107 
 91  38  28  60  63  28  23  63 
106  66  31  26  48  57  33   6 
 45  62  62  35  28  43  41  27 
  9   8  18  28  35  34  34  42 
 22   0   0   8  21  20  25  44 
139 229 235 255 235 174 166 195 
146 224 253 247 217 168 162 166 
159 217 249 238 215 180 180 173 
160 226 229 239 233 208 212 213 
109 234 225 239 233 218 225 228 
 37 210 248 245 235 232 247 240 
  9 135 255 246 244 244 255 245 
 30  71 249 243 255 245 255 243 
181 195 205 212 217 207 201 209 
185 197 205 210 213 205 198 208 
197 207 211 214 217 209 204 213 
192 200 204 207 212 204 197 206 
161 169 174 180 183 176 167 175 
132 139 141 147 153 147 140 148 
149 153 150 152 158 156 153 162 
188 189 181 181 187 187 186 198 
220 221 218 216 212 211 212 215 
218 221 224 225 224 223 222 222 
214 215 216 217 214 213 209 208 
215 214 210 209 206 206 207 207 
179 181 180 180 177 176 178 179 
146 153 157 156 145 140 140 142 
168 177 179 173 161 157 161 171 
198 205 205 198 189 196 215 235 
190 182 184 195 194 184 188 205 
164 163 171 184 182 174 179 195 
167 168 173 179 168 152 149 158 
203 202 201 199 182 157 139 133 
213 210 210 209 201 180 157 139 
228 226 226 228 228 217 193 171 
232 232 230 230 234 227 208 186 
227 230 230 227 228 223 208 189 
209 211 207 201 214 230 234 251 
206 218 222 221 234 251 255 255 
170 194 219 233 240 244 245 244 
141 163 198 233 236 226 230 231 
117 117 134 179 184 178 216 239 
134 107  87 115 116 127 205 246 
169 134  93 100  93 119 217 251 
165 142 102 101  93 127 223 239 
255 255 255 255 255 255 255 255 
255 255 255 255 255 255 255 255 
255 255 255 255 255 255 255 255 
255 255 255 255 255 255 255 255 
255 255 255 255 255 255 255 255 
255 255 255 255 255 255 255 255 
255 255 255 255 255 255 255 255 
255 255 255 255 255 255 255 255 
255 255 255 255 255 255 255 255 
255 255 255 255 255 255 255 255 
255 255 255 255 255 255 255 255 
255 255 255 255 255 255 255 255 
255 255 255 255 255 255 255 255 
255 255 255 255 255 255 255 255 
255 255 255 255 255 255 255 255 
255 255 255 255 255 255 255 255 
255 255 255 255 255 255 255 255 
255 255 255 255 255 255 255 255 
255 255 255 255 255 255 255 255 
255 255 255 255 255 255 255 255 
255 255 255 255 255 255 255 255 
255 255 255 255 255 255 255 255 
255 255 255 255 255 255 255 255 
255 255 255 255 255 255 255 255 
255 255 255 255 255 255 255 255 
255 255 255 255 255 255 255 255 
255 255 255 255 255 255 255 255 
255 255 255 255 255 255 255 255 
255 255 255 255 255 255 255 255 
255 255 255 255 255 255 255 255 
255 255 255 255 255 255 255 255 
255 255 255 255 255 255 255 255 
167 168 193 201 178 168 190 201 
165 184 216 215 179 159 174 180 
173 188 214 219 195 176 171 162 
187 194 207 211 187 158 152 157 
223 231 231 214 156 109 116 156 
221 221 208 190 147 110 119 165 
131 133 111 105 101  95  95 116 
 98 120 107 100 104 114 113 123 
111 118 114 115  87  83  66  73 
127 137 135 137 109 105  87  92 
102 113 113 116  94  92  78  83 
108 120 119 119  98  99  88  91 
109 121 126 124 107 112 109 112 
110 123 128 124 107 112 109 111 
 94 109 121 116 107 111 106 106 
 91 108 122 117 109 111 103  99 
 64 100  99 113 115 100 108 134 
112 119 103 104  89 101 146 167 
119 111 111 119 100 120 178 188 
111 108 114 137 123 121 161 178 
144 144 134 152 154 126 156 203 
154 160 144 160 164 128 153 214 
144 157 165 183 175 147 180 219 
149 158 182 193 164 152 197 210 
114 120 126 120 111 112 109 110 
140 138 131 122 116 121 117 118 
126 129 130 135 133 138 125 118 
169 175 180 184 178 176 155 144 
216 219 215 213 198 202 186 184 
196 203 204 206 197 204 190 190 
161 165 156 156 136 137 111 103 
145 137 116 113  99 108  89  85 
236 235 237 239 249 253 255 255 
235 236 239 238 243 247 255 255 
246 249 252 247 248 249 255 255 
241 242 243 238 237 237 246 251 
245 244 245 244 248 247 247 246 
238 236 238 240 247 247 245 243 
158 158 160 160 163 162 164 164 
 88  90  92  86  83  79  85  88 
148 108 100 108 129 121 120 111 
148 112 103 101 110  97  99  92 
155 138 145 139 134 114 119 114 
155 164 199 203 194 172 176 169 
148 178 231 240 234 215 219 212 
145 184 239 244 236 222 232 226 
137 179 232 231 222 212 224 214 
131 175 232 231 222 213 221 210 
 92  97 100  93  88  84  91  98 
 77  84  91  89  89  84  87  90 
 86  93 103 108 112 109 109 108 
149 151 159 165 173 173 173 170 
206 204 207 210 218 220 222 219 
213 211 213 213 218 220 222 220 
226 228 233 234 237 233 234 232 
214 220 229 233 233 226 223 220 
111 175 223 206 225 224 212 221 
107 175 229 209 221 220 212 222 
 99 174 239 220 223 221 220 231 
 95 168 239 222 219 216 217 224 
131 188 253 244 243 241 240 242 
136 167 219 222 232 234 235 236 
134 129 161 165 177 177 178 176 
158 127 135 128 133 125 118 111 
198 229 204 160 129 182 166 120 
196 240 220 164 125 178 164 112 
210 217 188 162 133 164 148 116 
252 238 205 174 142 154 141 122 
211 231 207 152 113 144 139 106 
149 153 138 116 115 145 139 104 
146 116 100 106 108 111 106  95 
102 104 106  90  68  78 102 114 
120 109  92 101  90  88  76  82 
121 110  93 100  88  85  78  85 
124 114  99  99  85  81  75  82 
181 176 161 160 145 139 132 138 
210 211 209 213 206 205 204 207 
207 210 209 214 210 210 207 207 
194 194 192 196 199 200 197 193 
192 191 188 191 198 203 201 198 
101 101 110 107  85  80  96 110 
 97 102 101 109 110 137 132 116 
 96 109  94 104 122 174 149 109 
154 171 135 132 136 188 152 118 
220 220 168 154 158 201 168 144 
238 221 158 137 157 195 162 139 
227 215 160 127 166 198 177 149 
210 215 175 129 168 191 176 147 
235 247 247 255 249 222 204 179 
238 250 249 255 250 225 207 184 
248 255 249 255 246 228 216 200 
241 245 231 237 232 224 224 216 
249 255 235 240 227 219 218 211 
240 248 233 237 220 205 197 187 
190 200 181 186 163 149 141 133 
111 118  97 102  81  77  78  76 
208 207 202 191 175 163 155 155 
212 209 202 191 174 161 153 151 
213 209 202 191 175 162 152 148 
207 204 197 187 174 162 151 145 
205 202 195 186 175 162 146 137 
214 210 204 197 187 172 151 137 
204 201 197 195 187 172 151 136 
181 179 179 181 177 164 143 127 
 72  92  69  34  89 187 146 117 
 91  84  87  40  97 180 151 153 
 79  80 115  63 119 195 176 188 
 79 118 149 108 132 196 170 149 
 81 143 137 148 144 191 176 144 
 93 139 113 176 163 195 203 191 
114 142 133 192 177 190 195 192 
 92 123 151 189 184 197 190 177 
101  61  93  86 116 118 135 111 
144 116 106  80  94 105 137 126 
164 135  82  75  80  85 143 183 
118  82  18  63  68  37  96 187 
144 111  46 105 102  52  91 192 
185 160  87  95  87  74 111 185 
193 179 125  94  94 121 154 194 
174 173 159 132 142 175 182 194 
 85  42   7  70  92 140 215 189 
 78  51  31  98  95 156 190 201 
 76  73  77 100 101 169 184 207 
 78  91  97  66 101 162 196 199 
 79  91  64  54 101 158 199 197 
 82  82  26  78 101 179 191 208 
 77  69  27  80  89 198 185 205 
 68  59  50  50  66 198 182 185 
 86  78  75  75  69  66  53  30 
 89  80  75  74  66  63  47  22 
 84  73  68  68  61  59  43  17 
 79  67  63  64  60  59  44  18 
 69  58  56  56  56  56  43  19 
 76  66  64  62  58  58  49  28 
 72  65  66  64  59  60  57  42 
 56  51  53  52  48  52  53  41 
101  98 113  95  74  64  44  31 
113  91  91  71  49  37  27  28 
150 102  82  57  37  25  23  34 
168 108  70  41  27  26  24  29 
162 101  57  26  25  38  32  22 
150  94  56  32  40  60  53  40 
142  85  52  39  42  56  50  50 
145  84  56  50  48  50  49  63 
  4  11  17  23  36  35  46  63 
 30  36  36  32  41  38  42  51 
 36  48  52  43  57  64  71  74 
  5  27  36  27  42  57  70  73 
  2  29  39  22  32  45  60  64 
 31  55  61  43  49  56  67  72 
 30  44  50  40  52  57  66  69 
 41  48  50  45  65  71  76  77 
142 138 120 103  93  98  90  83 
142 131 112 101  96  98  90  83 
151 134 115 111 106 103  94  90 
148 134 120 120 111 101  90  90 
138 132 124 123 105  89  76  79 
136 137 132 126 104  88  76  77 
131 134 123 111  90  82  69  66 
124 126 110  94  76  76  64  57 
 51  45 237 255 255 255 253 254 
 27  34 230 255 255 255 255 255 
 24  37 220 246 255 252 236 232 
 25  33 188 211 232 235 220 213 
 25  22 136 146 163 172 155 143 
 18  20 114 116 125 134 119 109 
  9  39 144 154 157 168 161 163 
 24  74 187 196 180 177 167 174 
 65  28   3   2   0   0   1   0 
 60  39  15   7   0   0   3   3 
 65  56  19   0   0   0   0   0 
 75  69  19   0   0  10  14  18 
 73  68  19   0  16  43  49  44 
 73  69  37  21  39  63  65  50 
 69  70  55  43  36  49  53  39 
 68  71  68  55  29  37  55  48 
 29 158 195 190 179 179 176 177 
 48 163 187 183 179 178 171 170 
 64 158 168 168 173 171 160 160 
 79 163 167 172 180 176 163 165 
 72 156 165 173 182 175 166 171 
 60 149 161 168 177 172 164 168 
 51 143 153 155 164 164 159 159 
 60 152 159 156 167 170 164 161 
 15   0   0   0   0   0   0   0 
 15   0   0   0   0   0   0   2 
 11   0   0   0   0   0   0   8 
  9   0   0   0   0   0   0   4 
  5   0   0   0   0   0   0   0 
  7   0   0   0   0   0   0   0 
 21   0   0   0   0   0   0   0 
 34   9   0   0   0   0   0   0 
155 121 106 100  96 130 200 248 
172 161 170 177 165 177 219 249 
180 181 196 203 185 180 202 224 
167 171 181 184 167 154 163 177 
117 128 141 148 142 121 110 114 
117 129 136 143 145 130 116 121 
154 164 163 161 165 156 150 164 
163 179 178 173 174 162 156 172 
184 189 192 189 183 179 182 186 
170 175 179 179 176 174 175 177 
153 156 160 164 165 164 163 161 
156 157 160 164 167 166 161 157 
158 157 158 160 163 162 155 149 
158 156 155 155 156 155 150 146 
149 147 145 144 145 145 145 145 
156 155 154 152 154 156 161 163 
  9 138 167 162 147 147 150 151 
 28 143 159 155 147 146 145 144 
 54 148 150 150 149 147 140 140 
 69 153 149 154 156 152 143 145 
 72 156 155 163 166 159 152 157 
 60 149 151 158 161 156 150 154 
 57 149 151 153 154 154 149 149 
 66 158 157 154 157 160 154 151 
217 212 211 210 208 194 172 154 
219 217 217 217 212 198 176 160 
207 209 211 212 205 191 171 157 
168 172 179 182 178 166 152 141 
105 110 119 127 129 126 117 112 
 85  88  97 107 116 120 117 114 
136 133 135 143 153 159 158 153 
163 156 151 154 163 166 163 157 
193 189 190 197 208 211 206 199 
192 194 198 203 205 203 200 197 
166 173 182 184 182 177 178 178 
152 157 166 170 170 171 176 178 
144 143 144 150 158 166 171 172 
152 145 142 148 161 171 175 173 
148 143 139 145 158 168 172 170 
147 144 144 151 164 173 178 177 
190 195 200 197 191 187 190 194 
176 181 187 187 184 182 183 185 
151 154 160 164 165 164 163 161 
154 155 160 164 167 166 161 157 
152 151 154 156 159 158 151 145 
152 150 151 151 152 151 146 142 
147 145 145 144 145 145 145 145 
154 153 154 152 154 156 161 163 
234 232 232 234 239 242 239 237 
234 230 229 230 236 238 238 236 
223 222 222 220 224 227 229 232 
172 175 176 172 169 169 177 185 
118 125 128 118 104 101 113 126 
128 133 135 124 109 104 114 125 
162 163 161 156 153 153 159 164 
175 171 169 171 179 186 191 191 
245 245 229 217 231 244 243 240 
239 239 224 210 219 233 239 242 
235 236 219 200 202 213 223 232 
188 189 173 151 146 151 161 174 
144 147 136 120 118 120 127 140 
146 149 143 139 146 151 156 168 
158 158 152 153 168 176 179 187 
181 177 167 170 187 194 193 197 
136 144 139 143 131 124 164 196 
141 147 138 140 130 121 161 192 
144 148 138 139 128 121 163 193 
142 149 140 142 128 121 167 201 
138 149 145 144 125 116 165 203 
138 149 146 145 124 115 163 200 
139 146 140 143 132 125 166 199 
139 142 135 144 142 140 178 206 
127 139 141 136 113 113 101 106 
129 140 142 137 116 116 103 107 
128 139 140 136 111 111 102 104 
126 135 136 133 109 109  99 101 
127 135 133 130 109 110  99 100 
129 138 134 132 111 113 101 101 
129 136 134 132 113 115 100  99 
127 134 132 130 111 113  98  98 
142 142 157 172 169 130 169 201 
137 138 148 156 151 120 162 192 
135 138 144 143 138 117 162 190 
135 142 146 140 137 123 171 196 
133 144 146 138 134 120 169 191 
132 139 141 134 129 111 156 181 
130 134 138 134 129 108 155 184 
133 133 138 139 135 114 164 198 
123 132 134 132 109 109  98  99 
126 136 134 131 108 111 100 104 
129 136 133 129 108 111 102 106 
128 136 135 130 109 111 102 105 
125 135 136 132 109 110  98  99 
125 135 137 133 110 110  97  98 
129 138 137 133 110 110  99 100 
134 141 138 132 109 111 102 105 
157 164 180 184 196 195 187 176 
164 170 184 186 197 196 188 180 
172 177 190 190 201 201 195 187 
172 175 186 185 198 199 195 189 
173 175 183 182 197 201 200 195 
168 171 179 178 192 197 198 194 
170 173 184 182 196 200 202 199 
173 174 186 182 197 200 201 198 
142 186 219 219 214 223 229 227 
141 179 218 216 211 220 227 226 
151 178 221 215 209 215 221 219 
152 166 219 209 205 211 219 218 
161 162 225 215 213 219 231 231 
175 161 229 213 208 210 222 222 
180 156 227 205 198 195 203 202 
160 130 207 185 181 180 190 190 
223 222 236 238 252 250 245 241 
217 217 233 235 248 245 242 236 
213 214 229 232 246 242 241 237 
215 215 228 228 241 238 239 236 
214 214 227 224 235 232 237 237 
207 207 220 218 228 226 232 233 
188 191 208 208 221 219 224 225 
173 179 200 202 217 213 218 218 
166 148 208 192 184 197 186 185 
172 164 228 204 189 202 196 193 
172 174 235 212 189 197 200 201 
172 168 223 211 188 188 200 211 
186 169 214 214 192 181 198 215 
197 176 212 214 191 175 195 208 
192 186 218 211 186 175 198 197 
185 196 230 215 187 185 210 197 
202 203 156 153 143 175 164 142 
199 202 152 153 150 182 164 138 
199 201 150 155 157 190 162 135 
194 201 147 149 155 184 155 132 
200 212 155 152 155 183 156 141 
202 219 158 151 158 184 156 147 
209 226 158 154 169 196 160 149 
208 222 152 150 173 201 160 146 
210 211 205 209 202 204 198 198 
205 206 202 205 201 203 197 197 
204 205 199 204 197 200 194 192 
202 202 197 200 195 197 191 189 
205 204 195 201 198 204 199 198 
199 198 188 195 196 205 204 203 
194 191 179 186 184 195 194 194 
190 184 170 174 171 181 179 181 
229 255 203 144 188 212 180 148 
241 255 211 155 176 201 178 138 
242 255 211 164 170 198 185 147 
239 255 200 161 175 203 181 158 
246 255 193 156 182 203 162 154 
243 255 183 157 178 202 158 153 
233 235 171 166 159 195 172 152 
232 214 170 177 142 187 182 145 
176 183 172 170 162 171 166 162 
178 184 173 171 164 175 169 165 
177 183 172 170 163 173 168 163 
178 183 172 171 164 176 169 164 
180 185 170 168 165 175 169 162 
186 188 173 172 168 180 172 165 
185 186 170 169 166 178 167 158 
183 184 166 166 163 174 163 154 
210 191 204 183 165 166 180 145 
187 196 196 174 185 177 162 134 
199 208 164 114 148 138 104  89 
203 201 145  92 138 151 132 121 
199 191 169 141 174 190 182 151 
197 184 184 166 171 168 158 115 
193 188 190 171 172 162 157 139 
189 197 196 178 186 171 169 174 
 97 112 172 144 172 201 183 191 
103 115 168 134 156 204 201 197 
 98 115 184 162 160 204 212 201 
 98 108 190 196 167 189 206 210 
116  98 167 209 178 182 202 219 
118  87 137 200 187 196 203 208 
111  92 112 152 146 188 205 199 
107 103  90  83  71 152 202 207 
192 190 180 168 191 195 207 186 
197 192 188 179 192 199 185 162 
212 198 190 178 182 209 183 175 
220 202 194 175 168 209 178 186 
214 202 200 177 156 188 152 162 
215 208 201 170 152 171 155 164 
215 211 196 164 159 168 176 176 
208 211 199 176 181 172 182 164 
106  89  98  94  61 148 203 199 
103  92  95  84  63 138 208 199 
 93  93  89  78  68 117 202 192 
 89  93  87  85  81  94 185 192 
 90  89  78  85  79  67 156 193 
 96  90  72  80  72  58 126 185 
 94  92  76  78  67  61  87 141 
 90  98  86  85  69  69  56  96 
 69  69  66  65  59  56  49  48 
 60  64  65  64  55  52  48  50 
 53  60  64  63  53  49  51  57 
 53  59  62  62  53  52  52  57 
 55  57  56  56  52  52  51  52 
 54  53  49  49  47  48  49  49 
 51  51  48  46  41  44  47  52 
 48  52  51  48  40  42  51  60 
123  71  49  44  36  47  65  57 
122  70  45  45  40  50  67  63 
106  62  44  47  38  38  59  66 
101  66  52  54  42  35  58  79 
102  59  31  29  32  37  58  78 
107  55   6   0  24  46  62  72 
114  75  31  19  43  64  76  80 
 91  79  54  38  46  54  60  70 
 67  66  67  69  67  66  62  60 
 72  72  74  76  72  68  62  59 
 76  77  76  77  73  68  60  54 
 74  74  72  72  68  63  56  52 
 74  72  68  67  65  63  56  54 
 76  72  67  64  63  62  58  56 
 74  72  67  65  63  61  55  53 
 72  71  67  65  63  58  51  47 
 76  80  70  47  43  57  66  60 
 86  61  47  49  52  48  58  75 
 62  27  12  22  27  21  29  52 
 59  45  30  21  25  31  36  36 
 79  79  69  50  49  57  58  49 
 90  78  69  59  57  52  51  54 
112  86  68  62  59  50  53  61 
127 100  72  54  54  56  60  60 
124 136 117  86  68  69  74  61 
145 161 146 119 104 106 112  99 
155 176 169 146 133 137 147 137 
154 176 170 148 135 141 156 149 
158 179 172 147 133 140 162 158 
158 180 171 143 127 136 159 159 
158 180 173 144 130 138 164 166 
157 181 176 148 134 142 168 170 
 48  50  51  45  26  23  53  43 
 54  34  43  53  36  17  35  50 
 56  48  65  49  36  40  46  57 
 55  54  74  36  26  51  58  79 
 66  47  68  48  47  61  81 139 
 57  57  66  46  56  81 109 156 
 56  79  73  47  66  93 115 124 
 66  72  53  53  75  64  73  81 
 91 155 181 162 175 184 172 171 
118 158 177 167 178 186 182 183 
152 160 168 168 173 177 176 180 
173 157 160 170 172 168 166 168 
175 153 155 169 167 160 148 148 
137 126 125 130 133 126 109 110 
101 105  93  82  85  82  59  65 
 91 105  82  58  62  60  36  45 
 70  72  60  67  63  63  79 115 
 66  77  73  86  88  89 102 137 
 56  76  76  96 101 100 107 140 
 56  84  86 104 113 109 109 142 
 58  90  84  98 110 104  97 131 
 61  98  88  97 112 106  95 132 
 59 100  85  91 103  95  82 119 
 65 108  92  96 108  98  82 119 
 67  98 134 152 157 160 168 173 
 79 110 145 161 166 166 172 177 
 92 122 155 169 170 169 174 178 
 97 124 153 166 167 167 173 177 
108 131 157 169 169 172 178 183 
109 131 156 167 169 175 181 185 
121 144 170 183 184 188 192 194 
121 146 172 186 187 190 191 192 
151 149 154 159 165 164 164 168 
163 159 159 160 161 161 165 174 
158 155 152 151 149 151 162 174 
149 150 154 155 154 156 169 181 
139 145 149 154 152 148 152 160 
105 110 114 119 114 105  99 102 
 65  66  69  73  67  59  54  54 
 39  38  38  44  43  40  39  41 
187 187 188 187 182 181 178 182 
197 195 191 190 187 187 185 188 
198 194 187 183 181 185 186 185 
205 201 192 187 186 189 188 185 
173 176 174 169 170 172 173 168 
133 150 161 161 161 161 163 161 
 62  95 126 133 133 134 142 142 
 34  75 119 130 132 134 144 148 
 74  69  70  76  76  84  81  67 
104  95  93 101 107 117 109  89 
131 118 114 124 137 145 135 109 
145 133 130 138 148 154 140 113 
145 137 141 146 148 148 136 112 
153 148 154 154 149 144 133 112 
147 142 147 146 142 136 124 103 
155 147 151 150 147 141 129 105 
138 116 113 126 135 141 143 142 
180 158 153 163 167 169 168 165 
202 183 178 185 185 185 185 180 
198 184 183 190 189 190 190 184 
199 190 192 199 199 200 203 196 
205 199 204 208 204 204 206 199 
212 209 217 218 212 209 211 202 
223 222 229 231 223 221 222 214 
178 174 174 175 178 176 171 170 
172 173 176 180 181 180 174 173 
176 180 187 191 191 187 183 178 
178 185 194 198 200 199 194 189 
181 189 196 202 210 213 207 198 
179 183 188 190 196 196 182 164 
182 185 190 190 195 188 162 134 
180 184 193 195 203 196 166 133 
178 176 176 178 187 191 195 193 
175 176 179 185 193 196 200 199 
187 192 199 203 206 208 211 212 
199 203 207 208 206 205 208 210 
201 201 200 195 189 187 188 191 
153 152 148 143 138 137 138 139 
 87  86  81  82  85  87  89  89 
 74  74  73  80  88  95  98  96 
188 194 197 196 206 212 206 191 
197 204 208 204 211 219 220 213 
196 204 208 204 208 217 224 224 
195 199 204 201 206 215 223 224 
196 197 198 201 207 214 217 215 
196 197 200 205 211 215 215 212 
192 196 200 205 208 208 210 212 
194 201 208 212 211 210 215 222 
162 168 172 173 163 159 189 201 
153 158 165 169 161 160 192 205 
137 144 152 159 155 157 195 210 
134 138 145 150 147 152 195 213 
134 136 138 140 136 144 188 208 
135 137 138 139 135 142 187 206 
128 133 137 140 137 143 186 203 
123 131 137 145 142 146 188 203 
133 137 132 128 103 105 104 102 
137 139 134 130 104 105 104 100 
139 142 137 134 108 109 107 102 
140 144 140 137 112 114 112 108 
138 142 144 143 123 125 124 120 
138 143 146 147 128 132 132 128 
138 144 151 152 135 138 139 137 
141 146 153 154 137 141 142 138 
130 130 131 139 134 135 176 194 
129 133 134 138 134 140 178 193 
132 139 137 137 132 143 176 183 
132 142 139 137 132 146 177 180 
144 155 149 146 136 148 180 182 
155 164 160 157 143 149 180 188 
165 171 171 169 147 144 174 189 
167 171 172 173 147 139 170 188 
139 148 149 147 137 140 139 141 
140 149 150 147 136 137 136 138 
134 143 142 138 128 128 125 127 
124 134 132 129 119 119 116 116 
115 123 122 120 108 109 108 109 
114 122 120 116 106 107 108 110 
114 121 118 113 103 104 106 108 
116 123 118 111 100 101 103 107 
170 166 169 169 183 189 203 206 
166 164 170 172 188 196 210 215 
167 168 175 180 195 203 218 223 
170 173 182 187 201 207 220 225 
174 179 191 196 208 213 226 229 
171 177 192 198 211 215 227 231 
173 180 193 199 211 213 224 228 
176 183 197 200 208 208 219 221 
181 191 230 219 193 204 198 195 
189 199 239 233 204 208 204 204 
181 193 235 237 204 200 202 206 
179 195 236 246 214 204 213 220 
176 196 232 246 215 201 217 221 
172 195 224 235 203 189 211 208 
175 204 226 235 203 196 222 212 
164 196 216 223 196 193 224 211 
178 178 173 173 197 202 199 194 
180 185 182 178 198 201 201 201 
174 182 183 178 191 193 195 197 
175 183 185 183 195 195 194 194 
177 184 185 185 200 200 195 189 
176 181 181 181 198 198 192 186 
168 175 175 170 183 184 186 186 
168 177 176 168 176 178 187 194 
162 203 209 206 192 191 204 186 
155 193 200 199 189 194 205 188 
155 190 197 193 183 188 195 182 
159 194 210 204 191 193 196 188 
147 184 216 212 196 198 196 196 
147 180 218 213 197 199 191 195 
150 173 207 201 191 197 180 183 
148 163 196 192 190 203 184 186 
187 210 165 168 187 204 183 150 
205 226 173 171 185 201 183 157 
195 241 188 161 172 204 192 155 
192 240 188 161 172 194 182 157 
203 232 175 167 179 176 162 170 
192 244 185 157 172 188 174 168 
183 252 197 159 173 185 155 133 
211 247 194 195 199 149  95  99 
175 174 164 171 166 171 160 157 
176 173 157 165 164 172 166 164 
176 172 157 166 167 177 171 167 
173 173 163 171 168 174 166 164 
175 175 166 168 156 161 160 163 
182 178 159 155 142 152 157 164 
183 175 154 153 151 162 162 165 
181 172 154 161 165 177 168 162 
202 218 157 150 174 191 174 151 
207 221 158 152 172 188 170 148 
206 219 155 148 169 183 169 148 
205 216 153 148 169 183 170 151 
203 213 150 146 170 182 168 150 
201 211 150 148 172 180 166 147 
192 202 145 149 174 183 166 150 
182 194 141 148 177 188 173 157 
181 173 157 162 164 172 169 169 
190 181 163 166 166 173 167 163 
198 189 171 173 173 180 170 162 
203 194 172 172 173 182 174 165 
209 199 179 174 172 184 177 169 
212 206 186 177 170 180 174 166 
208 208 193 183 173 182 178 169 
201 205 195 188 178 185 181 173 
198 209 190 184 169 165 157 143 
148 172 191 197 187 156 152 139 
 88 126 155 175 174 162 156 141 
 75 107 102 128 134 164 158 139 
100  91  86  96 124 124 140 135 
112  67  89  81 119  39  80  97 
108  69  90  84 101  14  52  81 
112 100  88  98  80  49  63  89 
 93  91  73  95  83  55  81  75 
 92  88  84  88  83  42  76  68 
104 101 102  94  92  49  83  73 
 92  92  93  90  83  60  82  73 
 95 101  83  94  65  75  70  64 
103 111  87 100  62  89  72  66 
101 108  89  87  52  77  62  56 
106 111 104  86  60  77  73  66 
172 189 184 191 202 192 177 160 
172 191 181 177 198 205 185 149 
169 203 193 174 181 194 173 127 
155 209 213 187 169 168 154 120 
152 208 217 201 170 154 137 118 
158 200 206 202 184 169 151 133 
176 211 201 194 181 175 159 140 
187 224 208 188 168 169 160 146 
113 111  92 104  59  86  68  93 
107 106 100 114  86  80  56  87 
109  94 102 105  43  85  81  48 
 95 109  92 112  71 106  60  56 
 88 103 144 111  26  70 100  65 
109 108 121  60  85  91 101  73 
 32  16  92 107  80  27  71 116 
 87 111  99  75  46  88  85  99 
 53  47  48  49  56  55  63  67 
 53  48  50  52  58  57  63  67 
 49  45  47  52  59  59  68  72 
 56  52  53  56  63  62  72  79 
 64  59  58  56  58  57  69  77 
 65  61  62  62  65  66  80  90 
 57  56  58  58  57  53  62  69 
 31  28  27  20  10   0   0   0 
121 111 103  73  56  60  50  55 
100 109 112  76  50  54  47  51 
 91 115 132  94  59  58  48  47 
 72  91 109  82  53  46  33  34 
 81  72  77  65  51  45  35  45 
120  89  76  61  49  42  33  50 
131 108  96  73  55  42  28  36 
144 141 145 121  97  81  59  56 
 30  31  31  29  36  44  53  54 
 22  25  27  28  36  45  54  55 
 22  27  29  31  37  46  53  54 
 24  28  31  33  38  45  50  49 
 34  40  43  45  48  54  57  56 
 31  38  41  44  47  54  57  55 
 50  55  57  60  61  66  67  65 
 59  64  64  64  65  68  68  65 
127 139 138 132 135 111  83  76 
130 133 131 127 126 107  85  72 
123 115 119 119 117 107  94  76 
116 106 116 116 103  94  88  68 
128 121 135 131 111  98  95  78 
105 107 121 122 114 106 104  96 
 62  68  76  83 102 103 101 101 
 14  20  19  26  59  63  58  62 
172 186 184 170 175 188 188 195 
170 185 184 172 178 193 194 201 
177 192 190 178 183 199 200 207 
179 193 188 174 178 192 193 201 
185 199 194 180 184 199 197 205 
178 196 197 187 194 209 205 212 
169 190 197 195 203 217 209 212 
162 188 200 202 211 221 210 209 
 59 115  86  94  99  81  83 117 
 64 116  90  97 100  80  78 110 
 87 130 107 112 111  92  88 122 
 98 125 101 104  98  85  83 123 
103 112  90  89  83  78  82 129 
104 100  80  77  70  71  78 132 
107  96  85  85  77  79  86 139 
112  98  93  95  86  87  89 142 
176 198 193 165 154 172 171 177 
179 197 192 175 181 208 206 207 
190 200 188 173 183 208 198 194 
179 190 176 157 161 183 175 176 
189 200 180 140 112 113 102 111 
196 206 181 126  74  58  44  56 
202 218 201 164 128 123 114 130 
202 219 212 192 174 181 175 190 
107  92  94  76  91  81 101 137 
104 109 102  82  84  71  96 139 
 86 111  92  83  85  73  97 135 
111 128  85  72  82  78 105 138 
132 132  88  60  66  66 101 143 
 61  66  92  72  74  58  89 132 
 22  28 130 128 132  90  99 123 
 75  58 184 178 183 125 110 118 
 68  96 126 131 135 137 146 145 
 73  96 124 129 135 138 146 143 
 91 112 134 141 148 152 156 153 
 90 112 136 146 153 153 159 158 
101 124 150 161 162 160 167 169 
105 121 143 154 157 157 164 168 
127 130 138 146 152 157 160 163 
144 138 135 141 152 160 163 164 
164 162 160 157 152 142 121 105 
193 187 180 170 158 145 124 106 
195 192 182 171 158 143 122 103 
176 176 167 152 135 116  90  65 
106 111 109  99  93  89  74  56 
 72  77  75  67  68  80  80  70 
143 144 130 109  99 100  90  76 
179 185 174 151 137 132 113  94 
 99 126 156 165 166 172 177 178 
 88 117 146 158 161 170 177 181 
 76 105 134 148 153 165 177 182 
 71 104 136 152 158 171 182 186 
 69 103 136 154 158 169 174 176 
 70 101 133 148 149 155 158 158 
 82 111 135 145 143 146 146 146 
 94 119 139 142 138 140 142 142 
186 182 177 166 146 131 111  90 
197 191 184 172 150 134 116  95 
184 180 178 165 143 127 110  92 
185 182 185 173 152 136 120 101 
181 181 187 178 157 140 126 106 
183 183 191 179 159 142 129 112 
202 202 207 195 177 165 162 149 
190 189 193 183 168 162 165 156 
192 190 205 212 212 212 218 211 
195 195 210 217 217 217 221 214 
195 195 211 219 219 219 222 213 
192 193 210 219 219 217 219 209 
190 193 211 221 222 219 222 211 
186 189 208 220 221 217 218 206 
164 169 189 201 203 200 199 186 
142 147 168 181 183 179 178 165 
202 207 213 215 214 218 221 227 
200 201 203 206 207 214 220 226 
206 203 199 201 204 213 217 220 
212 205 202 203 207 210 206 201 
206 201 201 207 214 213 201 190 
185 184 189 200 212 212 200 189 
168 168 177 190 206 213 209 202 
163 162 169 181 200 212 215 214 
221 222 230 233 240 235 229 222 
226 229 237 237 240 237 239 237 
211 215 218 217 217 216 224 227 
176 178 181 181 185 186 193 195 
116 114 117 121 129 132 130 125 
135 132 135 144 154 155 149 141 
163 164 169 176 185 184 176 169 
181 185 192 197 201 199 194 191 
167 162 172 182 188 199 211 212 
167 165 175 186 190 199 212 212 
164 166 176 184 185 195 205 205 
169 171 180 185 184 195 205 205 
169 170 175 176 171 183 193 191 
171 171 174 174 168 181 188 181 
166 166 168 168 164 177 175 162 
163 163 167 168 167 177 171 152 
127 132 146 143 135 143 172 188 
132 133 145 143 138 148 175 188 
135 134 143 142 140 150 177 188 
133 134 144 142 136 147 175 189 
134 140 152 147 136 144 177 196 
136 145 160 154 141 147 180 200 
141 148 166 161 147 152 180 196 
143 148 163 160 150 154 179 190 
113 119 114 109 102 107 110 113 
114 121 115 111 101 106 108 111 
115 122 120 114 101 105 106 110 
113 121 120 115 102 105 108 112 
111 122 121 116 105 107 111 117 
111 122 123 120 106 109 113 119 
113 125 127 122 110 111 115 122 
115 128 129 123 110 111 115 121 
124 127 134 146 138 134 177 203 
128 125 130 142 137 135 177 198 
132 128 130 142 139 139 178 196 
132 131 134 142 138 139 179 198 
131 135 137 142 133 136 178 200 
125 133 137 142 132 134 178 199 
127 134 138 143 136 140 184 200 
132 136 138 145 142 149 188 200 
115 130 130 120 111 122 121 115 
115 130 132 126 118 130 132 127 
120 134 134 128 120 128 128 124 
124 136 135 128 119 124 121 117 
125 136 137 134 123 127 125 123 
127 138 137 135 124 125 122 122 
131 139 138 138 126 126 122 122 
128 138 141 144 135 138 136 138 
149 144 164 163 128  67  69 105 
142 163 137 124  81 104  84  81 
152 141 132  79 106 108 118  80 
156 126 101 119 120 113  91  91 
134 111 104 133 127 100  84  99 
119 120 141 109 120  89 100  85 
124 145 133 128  92 106  88  84 
145 127 129 120 118  83  80  83 
113 139 197 191 199 205 210 201 
125 150 209 211 220 223 228 218 
151 169 227 235 245 240 240 233 
158 169 221 228 235 225 223 218 
167 174 218 219 215 206 202 200 
160 172 214 210 204 199 201 200 
144 164 204 192 177 177 180 178 
141 168 210 195 178 181 185 182 
184 177 187 207 207 192 178 187 
207 209 207 208 222 231 206 177 
220 200 198 223 214 191 173 190 
221 208 194 205 212 212 175 149 
188 186 174 178 162 151 112  92 
201 191 185 188 145 111 104 141 
192 180 145 127 115 125  96  71 
184 155 129 148 140 109  48  20 
111 147 170 160 154 153 146 128 
133 151 161 160 162 151 125  93 
108 127 147 150 140 114  93  76 
103 124 144 143 125  93  85  86 
107 115 126 118 117  98 100  96 
 98 120 133 112 107 103 117 111 
 75 118 147 115 117 121 141 127 
 76 113 133 100 116 128 127  82 
128 121 138  97  45  65  61  76 
144  92  41  62  62  68  83  74 
 56  63  59  76  62  56  72  64 
 66  57  76  59  47  70  60  75 
 74  32  40  38  53  65  56  95 
 40  55  47  54  60  47  60  67 
 27  50  33  19  46  59  63  38 
 25  23  49  31  53  65  38  55 
191 188 193 200 203 218 206 198 
190 171 201 239 232 225 188 144 
185 188 183 186 183 176 171 204 
160 127 146 176 156 174 176 153 
158 156 107  62  35  29  15  32 
156  98  58  49  38  76  65  11 
102  93  64  61  75  96  82  77 
 96  86  93 120 114 120 102  84 
154 136 113 111 145 112 148 166 
106 160 163 172 159 169 142  83 
211 171 190 172 124 126  38  45 
 49  35  20  29  57  53  74  95 
 28  51  97  86 125 108  43  64 
 19  85  64  65  84  76  71  75 
  9  53 112  44  36  67  27  15 
 48   0  95  60  57   9  16  41 
 80  65  51  81 107 126 115 104 
 69  68  42  39  64 115 121  99 
 46  53  32  17  39  81  85  56 
 49  45  32  32  35  35  28  19 
 42  29  19  23  23  10  24  38 
 35  33  24  19  19  16  31  38 
 24  23  16  11  24  24  37  31 
 31  14   0   2  21  18  32  34 
 24   6  13  28  22  15  13   0 
 36  31  29  17   1   0   0   0 
 21  47  56  42  25  10   0   0 
 18  37  30  14  11   4   1  10 
 28  25   7   2  13   4   0   9 
 27  15   4  14  25  16   2   1 
 37  17   1   0   0   5  12   7 
 37  30  30  21   8  12  13   0 
119  39  43  80  81  82  93  66 
 21  51  85  70  55  68  68  28 
 64  76  84  79  82  69  61  60 
 62  73  73  47  34  39  66  88 
 62  28  26  36  49  68  79  64 
 44  34  66  89  72  63  77  78 
 34  60  71  52  65  84  64  17 
 49  69  68  70  95  73  37  35 
  9  71  97  90  41  21  23  64 
 44  58  63  92  70  55  31  46 
 52  66  69  26   1  15  62  80 
 33  41  71  14  24  21  52   6 
 84  47  39  17  30  27  38   7 
 33  45  36  55  22  39  19  17 
 11  30  18  39  29  48  17   8 
 31  19  24  33  54  12   3  21 
 45  39  58  84  84  56  46  57 
 47  58  57  34  18  23  44  57 
 34  46  49  35  37  48  51  37 
 50  27  16  21  37  38  37  36 
 76  51  40  44  46  31  35  51 
 25  23  31  42  51  45  37  32 
 23  24  27  31  48  63  72  71 
 21  31  45  42  33  33  58  86 
 48  25  17  15  40  72  18   6 
 37  15   0   0  12  43  16   2 
 30  18   0   0   1  25  26   6 
 25  31   1  20  11  21  39  13 
 13  34   0  16   5   6  33  13 
 39  67  28  34  29  30  53  53 
 22  56  18  12  17  20  30  50 
  9  49  16   6  18  21  17  49 
 15  21  32  31  85  25  23  31 
 19  18  23  29  60  10  15  31 
 38  31  32  55  47  10  16  40 
 44  37  39  82  44  24  31  58 
 36  31  28  81  29  26  37  67 
 39  37  22  65  12  14  23  51 
 38  46  31  64  20  19  16  35 
 19  39  34  71  41  38  25  35 
 46  13   6  41   8  10  22  14 
 15   0   5  27   4   4  30  17 
 18   1   2  11   0   0  24   3 
 19  11  11  32  15  22  50  53 
  6  11  14  50  11   9  32  65 
 19   2   0  35  20   8  15  34 
 29   0   0   9  47  37  63  65 
 28   6  15   0  37  15  82  97 
 23   8  18  57  31  21  37  40 
 24   9  14  52  24  10  15  10 
 19   7   7  44  24  16  19  15 
 35  28  20  43  19   8   9   9 
 29  36  33  53  29  17  17  22 
  4  27  33  58  43  33  31  37 
  5  27  22  39  22  12   2   5 
 18  36  22  34  26  22  18  22 
225 255 242 135 164 255 238 224 
116 208 238 231 116  94 187 243 
 79 121 249 238 246 156  56 139 
 70  71  82 218 234 232 187  86 
139  97  73  72 199 223 205 206 
124 171 153  95  61 191 252 214 
141 140 177 177  89  42 161 192 
 58 140 136 164 212 147 109 195 
101  73 197 137 171 186 164 172 
 85 179 139 224 143 200 195 181 
 86 187 113 111 210 238 180 208 
 46 171 250 177 101 184 235 179 
 76  54 170 255 251 253 180 233 
174 135  47 111 247 251 255 180 
 74 166 185 120 124 193 255 255 
 88  91 183  99  66  59 105 246 
210 225 228 231 255 229 255 248 
208 251 255 255 246 255 255 255 
211 212 213 198 215 249 255 251 
176 218 237 220 196 164 206 204 
229 183 143 245 254 255 241 243 
183 255 219 205 123 143 237 243 
178 114 238 255 220 188  84 129 
241 207 117 247 253 246 243 177 
 20  53  57  90  84  65  38 117 
 27   0  52  74 105  69  72  45 
 33  20  33  32  69  88 102  76 
  9  37  33  34  53 105 120  98 
 31  17  47  60  63  88 144 103 
 45  44  32  64  55  51  95 135 
  7  70  24  54  67  41  31  99 
 30  66  51  29  94  57  68  46 
151 148 146 151 154 157 176 158 
240 213 137 151 164 137 150 150 
196 255 226 169 141 173 148 146 
176 147 213 241 177 148 176 157 
192 140 107 203 236 174 153 167 
135 168 163  76 192 226 163 149 
 85 132 168 185  70 233 196 170 
 43  86 118 165 154  94 233 177 
225 228 216 213 228 209 193 209 
228 225 241 239 221 230 246 231 
230 220 234 241 220 216 222 209 
190 203 186 178 197 200 190 200 
208 224 182 133 128 133 120 119 
193 178 186 188 147 123 121 114 
157 152 187 229 198 157 126 103 
 62 130 156 172 211 225 169 118 
242 233 214 204 198 205 197 194 
255 255 237 221 208 211 201 198 
255 255 252 233 220 221 213 212 
241 239 228 217 209 212 208 208 
171 175 177 178 183 191 195 195 
150 157 166 173 184 195 196 194 
148 153 161 169 184 194 197 193 
159 160 163 170 185 195 197 191 
203 187  90  74  98 184 222 201 
153 194 175 130 120  64 124 218 
186 183 149 184 196 189 152  81 
119 255 115  98 133 137 162 161 
121  60 134  80  45  90 110 135 
142  50  34  57  36  31  56  66 
161 120  21  34  45  51  21  55 
194 123  64  26  24  31  62  64 
130 144 160 167 168 162 152 143 
140 151 164 168 167 161 152 143 
148 159 167 168 165 159 149 140 
130 138 142 141 138 133 126 119 
 73  80  83  82  79  78  73  68 
 36  41  45  44  43  43  41  38 
 46  52  57  56  55  57  56  53 
 77  83  87  86  86  87  87  85 
169 172 179 186 197 204 207 204 
172 174 182 190 203 215 222 224 
178 179 184 193 201 211 219 224 
176 178 183 187 187 183 182 183 
157 161 168 170 158 138 124 121 
150 155 164 166 148 119 100  97 
148 152 160 161 141 113  98  98 
145 146 153 152 133 108  99 103 
186 186 188 188 191 192 192 192 
212 213 214 215 218 218 218 218 
213 214 215 215 217 215 217 215 
191 192 193 194 194 189 189 185 
128 133 139 143 146 141 138 133 
116 124 137 145 151 147 144 138 
114 123 141 153 159 155 150 143 
124 135 154 165 171 164 157 149 
147 146 147 146 135 116 107 107 
145 145 146 144 133 121 120 125 
157 159 162 159 152 144 144 149 
165 169 171 166 161 148 134 124 
173 175 178 174 169 151 119  89 
170 172 175 170 171 153 113  72 
171 176 179 176 183 177 149 111 
164 170 175 170 183 189 174 145 
119 113 121 115 129 134 135 155 
112 120 130 130 134 136 141 136 
124 136 137 145 150 159 176 134 
128 135 122 137 154 178 205 138 
120 132 120 132 144 168 199 139 
117 137 143 145 142 151 176 148 
124 138 150 147 146 148 159 161 
139 136 144 143 158 164 162 180 
140 139 129 147 141 130 109 120 
141 146 137 148 134 124 116 139 
134 155 160 169 144 124 114 138 
120 148 161 172 148 130 122 147 
154 169 166 166 144 131 127 151 
162 172 167 171 157 148 135 148 
140 157 165 185 187 185 172 178 
194 203 199 207 202 198 183 186 
145 142 155 159 153 140 162 194 
145 142 154 162 140 137 151 172 
154 150 156 170 133 149 160 167 
155 151 153 170 122 152 165 164 
159 157 162 178 127 154 166 160 
161 164 173 185 146 163 174 175 
173 171 173 169 143 147 165 181 
203 191 177 150 128 122 149 178 
107 112 109 115 107 105  99 101 
 97  98  90  95  87  86  77  75 
105 105  97  99  94  95  85  81 
 98 102  97  96  89  90  85  83 
 79  91  90  86  74  76  74  77 
 84 100 103  96  79  79  79  82 
 93 111 114 107  93  96  95  96 
 96 112 116 112 104 108 108 104 
 98  66  76  35  13  33   0   0 
 96  95 108  45  29  18   0   0 
 73 106  85  39  23  13   6   0 
 64  99  23  27   0  16   0   0 
 73  80   2  24   0   4   0   0 
 77  46  23  20  13   0   0   0 
 72   8  29  11   5   0   0   0 
 86   4  23  10   0   7   0   0 
 69  76 112  98 139 143  90 114 
 63  75  81 124 145 134  94 104 
 69  76  73 137 146 102 110 112 
 66  70 107 135 147  74 125 119 
 69  76 137 137 139  90 123 112 
 85  96 131 126 106 121 116 109 
 93 117 135 129 103 134 118 108 
 69 117 158 148 136 128 119  96 
 91 101  78  56  63  76  27  55 
117  73  77  70  33  47 112  42 
 90  81  60  69  27  54  78  24 
 67  89  67  45  54  62   0  15 
 82  57  81  25  70  27  20  21 
 82  65  60  49  60   6  35  16 
 65  75  42  67  28  17  14  10 
 73  41  62  53   0  21  22  14 
 79 139 152  97 126 123 107 109 
 90 142 139 103 125 119 105 101 
108 150 124 116 126 117 104  91 
120 147 108 124 125 112 103  80 
134 143 106 132 125 111 103  73 
140 131 113 131 121 108 100  66 
145 124 128 127 118 105  98  61 
147 119 139 124 115 103  94  58 
 24  40  34  48  71  59  74 113 
  0  66  52  75  70  78  76  67 
  0  84  65  92  69  90  90  57 
  0  62  80  92  88  85  94  73 
  0  22 110  94 125  93  98  78 
  0   6 117  84 129 106 105  77 
  0  17  95 102 123 125 124 102 
  0  22  64 135 127 138 127 116 
 23  25  30  29  19  21  18   5 
 59  39  21   9   0   7  11   4 
 34  31  35  38  23  13   5   0 
 27  21  25  33  23  14   5   0 
 44  24  10  12   5  10   3   0 
 29  26  20  11   0   9  31  42 
 34  39  27   4   0   0  33  52 
 27  30  21  17   1   8   0   0 
 28  28  43  77  64  54  46  53 
 16  41  32 106 106  59  77  70 
 12  40  68  38  37  74  68  83 
 35  52  41  49  65  58  77  85 
 70  45  29  49  87  83  92  86 
 88  46  81  47  64  92  76  79 
 93  64  93 131 130  81 106  92 
 74  18  75  75 101 131 129  98 
 34  48  14  15   4   0   0   0 
 41  15  21  12   6   0   0   0 
 49  18  12  35   0   0   0   0 
 48  43  17  33   0   0   0   0 
 44  68  38   0   0   0   0   0 
 31  79  17   0   0   0   0   0 
 35  71   0   0   0   0   0   0 
 54  45   0   0   0   0   0   0 
 41  21  16  54  41  12  22  19 
 33  38  37  53  25  11  19   6 
 23  33  38  56  26  21  20   1 
 46  30  28  51  33  30  29  21 
 74  53  55  45  28  27  37  32 
 48  63 104  54  35  28  45  25 
 26  49 117  47  36  16  44  21 
 51  39  95  16  19   0  39  35 
 27  33  56  52  49  61  74  55 
 58  49  33  49  49  76  54  31 
 47  53  49  59  62  65  52  51 
 48  34  49  47 108  78  69  49 
 37  28  45  39  93  55  47  34 
 28  42  48  56  48  40  34  49 
 45  40  31  53  43  60  44  37 
 40  41  63  64  50  47  55  44 
  8   9  15  19  32  30   8   6 
 19  23   1   4   7  31  13  13 
 14  25   0   8   3  33   9   3 
 14  23   4  19  19  23   7   1 
 29  24  17  24  40   4  14  17 
 30  26  31  43  64   0  15  15 
 21  28  29  51  64   2  11   3 
 26  35  13  36  38   1   9   2 
 60   9  78  48  56  64  61  38 
 90  91  79  41  48  47  58  49 
 55 138  80  76  89  66  66  48 
 42 126  50  68  78  72  79  74 
 71  90  41  61  54  69  71  75 
 92  53  65  78  62  71  52  48 
116  46  83  68  66  73  66  65 
107  40  88  56  72  68  69  64 
 30  35  47  38  55  36  33  26 
 25  28  46  44  52  37  35  22 
 21  18  45  53  52  39  39  20 
 16   9  39  59  49  42  39  15 
 14   6  31  59  49  47  41  18 
 14   6  20  52  49  51  36  18 
 15   9   9  43  49  54  33  22 
 17  13   2  36  51  55  28  24 
 19  34  25  39  30  24   3  23 
 28  35  29  37  18  14   6  25 
 14  29  52  75  58  47  37  39 
 28  23  39  52  32  27  31  30 
 25  11  24  33  28  24  36  32 
 27  19  36  43  52  39  42  37 
 60  50  48  33  43  24  33  42 
 19  28  43  39  60  35  37  49 
 18  41  30  22  20  11  17  30 
 24  31  33  17  24  21  21  17 
 36  32  63  28  33  35  35  23 
 34  31  88  36  31  34  42  34 
 31  25  79  28  24  28  34  26 
 39  33  62  31  39  42  39  24 
 41  50  55  46  57  54  45  34 
 27  55  51  55  58  46  38  39 
 40  36  37  70  87  73  53  32 
 23  36  45  56  46  24  32  45 
 47  47  40  42  43  25  42  58 
 52  38  18  24  53  38  48  56 
 27  26  19  21  50  21  34  52 
 27  33  31  29  60  19  29  51 
 37  34  23  15  56  10  18  37 
 47  48  37  20  56   6  23  53 
 36  24  83  87  88  83  82  49 
 33  39  49  97 103 116 108  87 
 25  46  31  84 104 106 113 121 
 40  43  37  44  97  80  93 119 
 62  43  47  24  74  78  65 101 
 41  45  65  42  35  77  53 103 
 18  36  69  51  21  69  67  81 
 32  27  55  37  50  86  98  39 
 57  39  78  41  45  96  63  52 
 70  52  59  49  33  73 113  95 
 51  58  59  95  56  48 127  90 
 73  84  60  92  52  27 125 119 
 37  62  52  73  53  19  74  98 
 47  55  45  36  33  23  48  93 
 36  40  60  60  61  61  55  66 
 38  19  33  33  32  62  81  75 
 26  47 144 154 120  98  33  21 
 84  50  76 132 126 141 147  67 
  3  38   0  37 137 165 151 117 
 74  62  52  33  41 116 166 157 
100  72  98  84  11  50 132 139 
 79 123  78  79  87  58 111 198 
 51 100 100 103  90  57  64  99 
 71  89 135  69   7  35  22  26 
 34  52  67 100  67  32  30  34 
 37  45  38  68  67  39  42  36 
 35  44  20  36  64  38  52  43 
 25  51  35  32  64  31  51  49 
  9  41  44  29  59  33  38  36 
 10  30  49  31  57  59  38  28 
 14  18  54  30  40  76  36  32 
 12  11  58  28  17  72  31  39 
 49  59  37  45  37  55  43  57 
 49  53  41  33  35  37  35  45 
 48  48  46  28  36  23  32  42 
 41  48  47  37  37  26  30  45 
 33  47  40  48  31  32  23  44 
 32  45  33  48  26  31  17  42 
 37  41  34  40  31  29  29  51 
 43  39  39  32  43  31  45  65 
132 136  56  20  22  40  66  90 
  7 117  88  24  29  76  30  26 
 51  35  90  46  45  36  51  37 
 87  40  64  38  85  27  31  39 
184 123  55  76  60  28  20  43 
103  66  47  86  43  29  50  28 
107 149 114  18  24  26  30  15 
130 122 115  75  26  33  15  25 
 35  60  62 116 154 125 139 222 
 79  35  32  70 123 156  67 211 
 34  65  51  56  61  89 159  99 
 32  52  48  33  77  82 141  95 
 55  34  51  44  13  53 109 196 
 34  28  30  66  43  57 120  90 
 43  43  38  18  54  36  50 114 
 34  32  32  56  47  84  49  85 
 65 116 115  84  38  29  13  26 
 30  94  89  80  27  44  39  25 
 54  57 108  92  88  20  53  20 
 72  42  81 103  56  10  13  17 
122  91 106  93  15  16   0  12 
120  93 108  89  42  18   0  22 
 39  61  21  83  28  17   0  23 
 64 115  48  52  46   2   0   0 
186 191 189 187 185 189 202 200 
182 188 186 186 185 189 202 200 
186 194 194 196 197 200 207 206 
201 209 210 213 212 214 220 218 
229 237 235 236 230 231 235 232 
243 250 247 247 240 241 243 240 
254 255 255 255 248 249 249 246 
255 255 255 255 251 252 253 249 
170 178 190 188 199 201 189 181 
185 170 200 183 191 204 203 192 
212 170 193 184 195 205 209 201 
212 191 178 195 212 216 210 207 
154 215 179 199 207 219 208 198 
 89 205 203 198 193 221 217 196 
 81 151 209 194 187 213 214 190 
114  95 204 200 205 212 208 192 
132 136 131 134 127 127 129 130 
161 164 160 163 155 155 157 157 
181 186 183 186 178 177 178 178 
186 191 190 194 187 187 188 188 
186 192 192 198 195 195 197 197 
189 193 193 199 198 199 201 202 
187 192 189 194 191 193 198 199 
190 193 188 191 189 190 194 195 
104  77 201 201 194 200 201 191 
 97  67 151 207 207 211 203 192 
 84  73 102 215 205 194 179 176 
 47  77  80 222 205 191 193 206 
 45  83  61 193 213 208 203 203 
 49 121 136 196 214 193 220 255 
 54  60  72 103 225 226 231 236 
 58  53  93  86 227 218 233 255 
138 133 152 148 146 156 161 186 
136 138 154 145 139 151 161 184 
136 146 156 140 135 150 161 176 
139 153 154 142 139 157 167 167 
138 151 147 143 148 165 173 158 
137 148 140 145 158 172 181 159 
137 147 136 149 164 175 189 171 
140 152 140 156 170 177 199 186 
114 122 121 121 100 101  86  87 
117 127 126 126 103 104  90  91 
118 128 128 126 102 104  92  92 
115 128 128 124 100 102  91  91 
112 128 130 123  98 101  89  88 
111 129 131 124  98 104  92  91 
106 127 129 120  96 102  91  90 
103 125 128 118  95 102  91  90 
123 131 126 135 135 160 112 147 
134 139 132 141 139 163 118 149 
129 134 125 135 133 152 117 143 
123 130 127 132 128 140 123 147 
125 134 135 137 126 131 131 154 
123 131 133 134 120 119 133 152 
120 124 126 129 119 119 144 156 
128 127 128 136 135 138 168 173 
102 121 123 120 100 104  93  90 
104 121 123 121 100 103  91  90 
105 120 123 119  98 100  88  88 
108 121 123 120  98  99  87  88 
109 120 121 119  97  96  85  87 
110 119 119 119  97  94  85  90 
111 119 118 119  98  94  85  91 
111 118 117 119  98  94  86  93 
  8   0   8   5  10  35  22   0 
 23   7  17  11   6  63   8   0 
 17  16  40  36  20  55   0   0 
  7   3  37  47  62  21   0   0 
 16   0  16  21  98   0   0   0 
 13  11  20   2  85   0   6   0 
  8  16  24  19  53   0   0   0 
 15   3   2  39  45   0   0   0 
173 156 162 144 126  99 106  80 
152 121 130 119 136 121 104 109 
146 123 141 108 115 104 110 175 
136 111 127 115 124 103  94 104 
129 113 121 124 117  96 111  52 
127 123 125 121  94  86 137  60 
125 114 113 110 115 113 120  28 
144 139 144 107 108 104  99  55 
 37   3  18  23   8   8  13  10 
 27   1  11  11   2   2  13  16 
 50  35  39  30  25  15  27  28 
  0   0   7   6  18  13  33  28 
  0   0  10   7  27  26  58  36 
 20   4   7   0  11   9  51   4 
 20   0   5   1  14  18  66   0 
 27   0  10  13  21  18  60   0 
164 137 136 147 132 124  90  64 
113 114 107 113 125 176 133  97 
101 128 117 104  92 147  81  67 
 99 122 115 119 102 134  56  83 
128 124 104 115 122 127  52  81 
122 122 104  95 118 100  67  84 
163 159 147 116 143  72  74  72 
148 124 124 123 190  99 119 101 
  0   0  29  58  74  78 106 142 
  0   0  22  49  70  77  95 116 
  0   0  14  38  65  76  84  88 
  0   0  13  32  61  79  84  79 
  0   0  11  25  55  77  87  84 
  0   0   8  23  49  71  87  93 
  0   0   3  20  44  62  81  93 
  0   0   2  22  46  61  79  91 
 68  29   0   0   0   0   0   0 
 58  24   0   0   0   0   0   0 
 41  17   0   0   0   0   0   0 
 24  11   0   0   0   0   0   0 
 14   8   0   0   0   0   0   0 
 10   9   0   0   0   0   0   0 
 11  11   3   0   0   0   0   0 
 13  13   4   0   0   0   0   0 
  0  33  75 134 154 160 143 158 
  0  30  60 102 162 139 154 164 
  1  27  60  86 151 146 146 165 
  1  11  57  87 110 163 134 154 
  3  10  46  85  78 139 153 140 
  4  19  34  73  78  91 185 151 
  8  19  36  68  82  77 154 179 
  5   1  39  66  68  90  87 196 
 15   9   4   0   0   0   0   0 
 13   8   2   0   0   0   0   0 
  9   4   0   0   0   0   0   0 
  6   2   0   0   0   0   0   0 
  2   0   0   0   0   0   0   0 
  0   0   0   0   0   0   0   0 
  0   0   0   0   0   0   3   1 
  0   0   0   0   0   0   3   3 
 27  89   0   0   0   0   0   0 
 61 117   2   0   0   0   0   0 
 14  97  22  53  46  36  27  12 
 14  76   0   0   0   0  18  27 
 32  98   0  19   7   6  13  14 
 35  93   0  11   6   9  23  29 
 60 112   4  24  16  17  24  26 
 62 112   3  24  17  20  24  24 
 67  77  87  75  66  67  63  60 
 67  73  88  85  76  68  51  40 
 81  74  80  82  80  74  62  58 
113  97  92  85  74  62  53  56 
113 102 101  95  80  64  53  57 
112 105 102  92  77  65  55  57 
143 135 125 103  82  67  46  33 
124 128 132 124 112  96  61  32 
 48  83  91  25  31  31  28  55 
 52  87  82  26  33  31  27  51 
 63 102  69  30  36  30  25  44 
 63 112  51  29  34  26  21  33 
 64 131  41  33  31  22  18  21 
 55 149  35  37  27  19  18  13 
 46 162  34  39  18  12  16   3 
 34 166  30  35   9   5  12   0 
 79 108 114  91  86  88  82  85 
114  86 110 103  88  59  43  48 
123  69  97 105  89  56  40  37 
 95  84  80  93  84  77  67  53 
 61 109  68  89  83  80  65  57 
 51 111  75  99 101  81  58  66 
 53  84  95  90 105  91  67  77 
 60  59 120  69  92  99  79  77 
  0   0   0   0   0   0   0   0 
  0   0   0   0   0   0   0   0 
  0   0   0   0   0   0   0   0 
  0   0   0   0   0   0   0   0 
  0   0   0   0   0   0   0   0 
  0   0   0   0   0   0   0   0 
  0   0   0   0   0   0   0   0 
  0   0   0   0   0   0   0   0 
  0   0   0   0   0   0   0   0 
  0   0   0   0   0   0   0   0 
  0   0   0   0   0   0   0   0 
  0   0   0   0   0   0   0   0 
  0   0   0   0   0   0   0   0 
  0   0   0   0   0   0   0   0 
  0   0   0   0   0   0   0   0 
  0   0   0   0   0   0   0   0 
  0   0   0   0   0   0   0   0 
  0   0   0   0   0   0   0   0 
  0   0   0   0   0   0   0   0 
  0   0   0   0   0   0   0   0 
  0   0   0   0   0   0   0   0 
  0   0   0   0   0   0   0   0 
  0   0   0   0   0   0   0   0 
  0   0   0   0   0   0   0   0 
  0   0   0   0   0   0   0   0 
  0   0   0   0   0   0   0   0 
  0   0   0   0   0   0   0   0 
  0   0   0   0   0   0   0   0 
  0   0   0   0   0   0   0   0 
  0   0   0   0   0   0   0   0 
  0   0   0   0   0   0   0   0 
  0   0   0   0   0   0   0   0 
 15  20  47  34  22  52  42  21 
 16  15  47  39  28  61  59  31 
 38  29  64  56  37  65  76  34 
 31  21  59  47  20  39  63  13 
 15  11  53  41  14  27  66  17 
 18  22  57  39  23  28  73  27 
 15  22  45  24  23  19  60  15 
 16  23  38  16  29  24  61  16 
 32  29  49  37  28  42  77  40 
 23  17  44  26  22  31  65  33 
 19  12  49  25  25  22  60  36 
 20  10  51  24  27  20  53  42 
 18   5  45  20  21  17  40  46 
 19   5  36  21  17  20  29  50 
 26  12  29  25  14  30  24  59 
 26  11  22  25   8  33  17  60 
 12  33  43   8  26  18  49  21 
  1  27  25   5  17  12  49  19 
 12  44  24  21  20  15  56  18 
 11  44  12  25  13  11  57  12 
 19  45  15  36  26  27  80  33 
 39  50  35  47  41  42  92  42 
 36  31  34  31  29  27  70  20 
 29  13  32  19  26  24  64  16 
 12  24  19   6  26  24  19  64 
 13  26  23   8  20  15  10  57 
  1  19  24  19  36  39  43  92 
 26  35  38  30  38  37  36  75 
 38  36  37  25  25  21  14  40 
 28  21  25  21  24  26  24  46 
 36  28  35  29  25  26  28  50 
 24  19  31  26  22  25  32  58 
 73 109  97  69  60  30   0   0 
 62  97  93  62  57  20   0   0 
 54  86  97  60  59  12   0   0 
 48  77 100  60  59   5   0   0 
 40  65  94  57  53   0   0   0 
 36  60  86  58  44   0   0   0 
 33  53  72  56  32   0   0   2 
 24  42  58  49  19   0   0   0 
 39  12  27  29  37  27  33  43 
 29  32  32  27  29  23  27  27 
  9  51  31  26  21  23  21  11 
  0  52  18  25  22  25  23   9 
  0  45  12  28  28  27  23  14 
  0  33  20  30  28  23  23  18 
  0  30  41  29  21  20  26  23 
  0  25  58  28  13  18  32  27 
 15  70 100  59   5   0   0   7 
 69  91  87  43   5   0   0   0 
 43  50  40   6   0   1  10   2 
 26  39  37   8   0   0   6   4 
 23  39  44  16   0   0   7   7 
 18  25  24   1   0   2  13  11 
 44  42  30   4   0   2   8   4 
 32  33  28   2   0   0   5   4 
  4  17  51  31  34  34  21  16 
  0   9  58  40  30  17  21  22 
  0   0  54  53  30   9  21  19 
  7   0  29  63  28  18  17  11 
 10   1  13  76  23  26  12  12 
  2   7  10  77  22  22  12  24 
  4   9   9  58  37  22  23  31 
 10   4   2  36  55  29  36  28 
 47  43  72  74 198 215 240 255 
 44  46  75  77 188 208 236 255 
 52  45  65  72 172 205 235 255 
 63  37  43  69 167 209 235 255 
 57  35  46  94 174 212 219 247 
 38  42  68 122 174 213 210 231 
 52  62  74 110 151 222 222 225 
 79  79  58  74 125 236 245 234 
255 255 255 255 255 255 255 255 
255 255 255 255 255 255 255 255 
255 255 255 255 255 255 255 255 
255 255 255 255 255 255 255 255 
255 254 255 255 255 255 255 253 
242 241 244 245 247 246 245 241 
230 229 232 234 237 236 234 232 
237 237 241 242 245 245 243 241 
 31  86  44  94 121 247 233 231 
 37  76  41  97 113 213 211 233 
 33  71  53  99 101 175 151 157 
 51  63  54  97  99 152 121 128 
 48  51  82 142 139 156 120 136 
 39  72 126 143 127 155 126 119 
 67  85 121 102  88 134 121 112 
 63  35  89 131 138 138 103 111 
236 234 233 233 237 237 239 238 
216 219 223 223 223 220 224 225 
154 161 167 167 163 158 161 164 
130 137 144 146 144 139 140 139 
131 135 142 149 158 157 156 153 
126 129 138 147 160 163 164 161 
122 126 134 141 150 154 159 159 
118 125 133 136 138 137 145 149 
 92 107 124 123 123 126 133 138 
 97 111 127 124 125 126 133 138 
103 116 128 124 125 126 133 137 
107 118 128 124 123 125 130 135 
111 120 127 123 122 123 129 133 
109 119 127 123 123 125 129 130 
108 118 130 127 129 130 132 134 
108 118 131 130 131 134 135 135 
136 135 155 142 133 126 121 115 
135 135 141 136 137 140 122 120 
129 140 131 131 131 143 114 123 
124 146 130 131 124 137 104 128 
127 147 129 135 132 150 114 134 
133 136 125 135 149 167 134 135 
133 130 136 137 147 154 133 125 
127 129 153 142 131 123 116 111 
108 118 132 134 135 131 134 137 
108 117 131 133 132 129 132 136 
108 117 132 133 132 130 133 138 
109 117 130 132 131 129 133 139 
112 121 132 133 132 131 136 141 
110 119 130 134 133 132 137 142 
105 116 129 133 134 132 137 141 
102 112 128 132 134 132 136 140 
133 139 145 118 142 109 126 111 
135 137 139 119 141 103 116 101 
139 135 131 120 148 115 132 126 
137 131 131 133 161 129 136 133 
132 134 135 147 162 122 113 101 
136 140 129 132 139 109 105  97 
136 142 123 119 121 107 111 110 
123 140 130 129 126 111 105  96 
 26   0   0   0   0   0   0   0 
 28  13   0   0   0   0   0   0 
  2  11   0   0   0   0   0   0 
 14  21   0   0   0   0   0   0 
 18  12   0   0   0   0   0   0 
 23  15   0   0   0   0   0   0 
 11  16   0   0   0   0   0   0 
  0   0   0   0   0   0   0   0 
  0   0   0   0   0   0   0   0 
  0   0   0   0   0   0   0   0 
  0   0   0   0   0   0   0   0 
  0   0   0   0   0   0   0   0 
  0   0   0   0   0   0   0   0 
  0   0   0   0   0   0   0   0 
  0   0   0   0   0   0   0   0 
  0   0   0   0   0   0   0   0 
  1   0   0   0   0   0   0   0 
  2  12   0   0   0   0   0   0 
  0  15   0   0   0   0   0   0 
 24  63   0   0   0   0   0   0 
  3  29   0   0   0   0   0   0 
  0   0   0   0   0   0   0   0 
  5   0   0   0   0   0   0   0 
  0   0   0   0   0   0   0   0 
  0   0   0   0   0   0   0   0 
  0   0   0   0   0   0   0   0 
  0   0   0   0   0   0   0   0 
  0   0   0   0   0   0   0   0 
  0   0   0   0   0   0   0   0 
  0   0   0   0   0   0   0   0 
  0   0   0   0   0   0   0   0 
  0   0   0   0   0   0   0   0 
  0   9  18  29  52  66  86 108 
  5  13  20  31  50  61  76  96 
  6  15  21  32  49  57  70  87 
  4  12  19  31  50  58  70  86 
  4  11  18  29  50  59  71  86 
 10  13  17  26  47  56  68  83 
 11  13  13  21  42  54  66  82 
  9  10   8  17  38  52  67  85 
 11   5   0  21   0   7  18   4 
  0   8   6  13   6  11  11   8 
  9  10   9   1   8  11   1   6 
 67  24   8   0   7  10   2   4 
153  57   6   8   3  11  12   4 
206 100   0   9   0   6  10   1 
212 151   2   7   0   7   1   2 
202 192  14  10  11  15   0  12 
  8   9  15  12  34  59  70  89 
  8  10  17  12  31  55  65  85 
  6  11  19  12  28  49  59  81 
  5  11  21  13  26  45  57  80 
  4  11  21  13  27  47  57  79 
  5  10  19  12  27  47  54  75 
  8  10  17  10  26  44  50  67 
 10  11  15   7  24  43  46  61 
  8   7   3   3   1   3   2   3 
 10   9   6   6   4   5   4   5 
 10   9   6   6   4   5   5   6 
  8   7   5   3   3   4   4   4 
  8   7   5   5   4   5   4   5 
 10   9   7   7   6   7   8   9 
 10   9   7   7   6   8   8   9 
  8   7   5   5   4   6   6   8 
109 134  34  33   4  24  13   6 
115 106  27  56  12  12   5   0 
119 134  42  40  29  37  19  29 
141 113  47  45   0  24  32   3 
138 113  47  60  60  45  23  47 
237 164 117 116  67  58  53  34 
204 160 111  91  91 102  90  92 
176  98  68  77  63  52  44  46 
 67  58  80  66  54 159  28  64 
 61  67  76  76  54 113  52  73 
 60  85  85  86  61  79  96  70 
 54  84  90  79  66  67 115  54 
 67  78  98  88  78  67 109  86 
 70  64  92  96  83  57  76 130 
 57  70  75  88  82  59  42 124 
 41  85  68  78  83  76  24  86 
171  68  81  80  63  60  50  58 
161  64  74  64  54  68  62  58 
146  47  62  55  55  73  67  64 
138  38  59  63  61  69  62  66 
118  40  79  74  73  85  75  68 
103  47  93  74  70  97  86  62 
119  49  94  85  84 102  88  73 
146  42  80  96  95  86  72  82 
 63  72 115  77  93  86  85  65 
 78  79  58 126  60 112  72  77 
 69  74  64 128  54  73  71  75 
 76  68  72  84 114  83  99  50 
 63  80  67  70 133  91  93  73 
 52  83  74  64 116  53  54  93 
 82  76  57  47 107  71  46  58 
 67  79  54  71  77 108  51  51 
 31  12  33  15  25  56  34  19 
 33  19  32  19  22  56  32  18 
 28  20  22  22  14  56  29  18 
 21  21  15  24  10  58  33  24 
 20  24  12  25  12  56  37  26 
 31  34  23  28  21  54  44  29 
 33  36  26  25  24  45  50  28 
 30  31  25  19  26  43  55  31 
 35  56  56  70 123 105  50  45 
 39  55  51  62 111  98  45  42 
 43  51  45  49  90  89  36  36 
 49  51  42  43  74  85  32  35 
 52  47  39  39  60  84  29  33 
 50  43  39  43  54  89  29  32 
 39  31  36  43  50  91  22  25 
 32  25  35  43  48  93  20  21 
 20  24  22  20  29  29  57  18 
 33  36  33  28  33  31  59  19 
 12  21  24  29  41  50  87  52 
 19  25  25  26  35  39  75  38 
 28  32  28  24  28  30  62  23 
 16  21  19  19  28  33  69  33 
 28  32  27  22  27  28  61  24 
 28  32  26  21  27  28  63  25 
 32  30  26  17  80  27  25  28 
 19  23  31  32  93  30  23  25 
 25  23  32  34  93  28  25  33 
 31  23  27  32  94  28  23  32 
 27  22  30  41 108  41  25  23 
 35  32  35  36 105  46  37  34 
 54  54  52  37  96  47  49  49 
 58  70  73  52 103  48  47  45 
 22  15  21  20  24  23  22  52 
 23  16  21  21  27  27  26  53 
 27  17  20  18  22  20  17  43 
 22  13  19  20  29  31  31  58 
 24  15  17  15  21  20  19  45 
 23  17  22  20  26  25  27  56 
 21  21  36  40  49  54  62  97 
 46  43  49  40  35  27  26  58 
 40  40  40  46  41  42  72  83 
 58  53  48  52  44  43  67  72 
 51  44  34  35  28  26  45  44 
 46  43  36  36  28  27  47  45 
 43  46  45  43  33  31  55  55 
 37  44  45  41  28  27  49  49 
 40  45  43  39  29  29  49  45 
 33  36  31  30  25  27  43  34 
 31  31  30  25  30  39  43  40 
 23  24  24  20  25  33  36  33 
 16  17  17  16  22  27  31  28 
 14  15  16  17  23  25  28  27 
 11  12  15  17  20  21  25  27 
 12   9  13  15  16  17  24  31 
 14  11  11  14  14  15  25  36 
 18  13  13  14  14  16  29  40 
 27  31  23  28  24  25  79  24 
 28  31  24  28  25  25  76  25 
 27  30  24  25  22  19  69  27 
 28  28  25  24  23  18  61  29 
 31  29  28  24  29  22  54  33 
 39  35  36  29  36  28  52  43 
 42  36  40  30  39  30  50  47 
 41  35  38  29  39  29  45  47 
  1  11  16  35  90  66  51  44 
  8   7  18  20  77  59  46  44 
 13   4  27  17  67  64  41  43 
  7   3  28  27  55  77  36  40 
  2   7  20  34  38  87  38  44 
 10  20  17  35  30  88  55  55 
  9  20  22  28  37  76  72  52 
  0  11  24  18  44  59  73  34 
 56  32   0   0   0   0   0   0 
 63  23   0   0   1   0   0   0 
 62  18   0   0   0   0   0   0 
 52  25   4   0   0   0   0   0 
 51  44  62   0   0   0   0   0 
 57  67 139   0   1   0   5   0 
 53  93 185  23   7   0   2   0 
 41 108 193  61   0   3   0   0 
  0   7  31  31  33  41  84  39 
  4   9  27  28  36  40  76  47 
  5  12  20  22  34  34  63  62 
  0   9  14  17  30  26  48  77 
  0   7  13  18  26  23  38  88 
  0   5  13  22  23  25  32  83 
  2   0   8  21  17  29  26  65 
  6   0   2  17  12  31  19  45 
 54  56  31   1   0   0   0   0 
 48  52  29   2   0   0   0   0 
 47  47  25   3   0   0   0   2 
 55  46  17   0   0   0   0   1 
 69  48  11   0   0   3   0   2 
 72  45   6   0   2   4   0   2 
 65  40   6   0   5   3   0   4 
 55  35   8   3   5   0   0   6 
172 176 208 215 222 219 210 214 
177 179 210 215 219 212 200 201 
157 159 192 195 199 191 179 179 
109 109 142 147 153 148 138 139 
 88  86 118 123 136 133 133 135 
100  97 127 132 144 142 139 140 
108 106 138 145 160 154 151 148 
108 107 142 150 165 158 151 146 
 95  83 141 115 183 255 255 255 
 83  90 111 119 233 245 255 255 
 84 115 146 149 217 220 255 255 
111 115 130 139 181 207 255 255 
124 124 131 153 202 211 255 255 
113 110 148 168 182 223 255 255 
146 108 151 169 195 255 255 255 
139 126 152 173 226 247 255 255 
  6  13  69  69  83  91 136  91 
 10  15  65  66  86  90 128  99 
  9  16  56  58  82  82 113 112 
  3  13  50  53  78  74  98 127 
  5  17  53  58  80  77  92 142 
  8  15  53  62  77  79  86 137 
 20  18  56  69  77  89  82 121 
 24  12  50  65  72  91  75 101 
128 121 188 246 255 255 255 255 
128 115 170 242 255 255 255 255 
117 117 149 249 255 255 255 255 
116 137 153 255 255 255 255 255 
127 139 164 233 255 255 255 252 
130 115 161 171 254 255 255 255 
122 109 155 144 237 255 255 255 
112 124 156 159 220 246 255 255 
