104 115 129 139 175 216 227 241 
118 125 132 135 169 219 239 255 
119 133 142 141 172 219 232 239 
129 146 155 152 184 231 240 243 
149 158 157 147 174 221 235 246 
155 159 157 145 157 182 179 183 
 97 104 114 116 130 137 120 121 
117 124 144 165 194 214 210 222 
255 238 184 137 121 105 107 116 
255 240 188 137 112 114 110  88 
255 228 199 150  86  87  93  69 
255 226 187 121  63 142 206 198 
255 237 201 130  86 195 219 162 
195 163 141 117  98 192 200 185 
117 107 112 126 114 158 124 139 
213 222 193 160 153 218 159 142 
118 118 137 148 186 196 212 206 
117 116 131 141 175 183 198 194 
121 119 128 137 163 169 179 176 
124 123 132 145 163 169 172 171 
127 129 137 158 171 177 177 179 
141 143 147 169 173 177 171 174 
139 140 142 168 167 174 169 178 
119 123 125 158 162 179 181 196 
203 209 184 157 157 215 196 193 
189 203 176 150 143 201 203 184 
165 189 157 135 115 164 197 165 
173 196 162 146 108 132 194 168 
178 194 161 154 110 105 182 175 
164 176 154 151 120 103 175 183 
174 187 165 153 135 112 154 159 
187 198 170 136 120  87  99  90 
132 150 189 141 188 160 204 184 
 73 144  85 107 146 118 174 163 
 58  54  51 104  84  74 238 181 
144 104 104  70  35  35 197 245 
147 113 107  83   5  31 137 241 
128 123  94  67  44   2  81 164 
131  48  67  55  44  10 170 172 
114  67  74  79  85  70 153 188 
201 190 220 199 255 166 174 201 
156 158 178 183 222 165 172 214 
169 184 197 239 255 251 239 255 
242 197 149 191 255 255 255 255 
245 208 174 184 234 246 239 238 
149 160 181 174 187 168 179 189 
189 179 177 174 199 208 216 211 
172 180 183 180 178 192 201 207 
105  82 105  92  81  77 170 195 
 77  76 104  86  88  92 142 109 
 81  71  83  67  96 127 183 147 
 93  67  84  95 130 132 180 163 
110  64  63  82 137 144 204 212 
123  83  74  78 128 123 154 136 
149 110  89  77 130 146 203 208 
106  83  84  86 132 132 194 217 
184 189 198 195 210 221 211 219 
110 128 165 192 209 197 160 150 
129 129 160 196 220 217 194 191 
180 153 169 205 233 241 235 246 
201 157 166 199 221 232 233 245 
143 112 145 196 214 211 190 180 
227 164 156 173 185 214 237 251 
225 171 173 190 194 209 214 213 
 88 106 136 163 179 215 199 190 
 96 102 127 161 183 202 164 137 
129 131 142 168 157 155  92  55 
122 139 161 170 151 148  98  64 
140 161 168 152 110 109  67  26 
175 182 180 157 126 120  69  16 
114 112 122 124 116 100  60   9 
107 100 122 138 126  88  41   0 
164 189 142 104  67  52  64  47 
 84 111  77  61  49  44  50  33 
 52  71  47  38  48  42  47  31 
 34  41  26  26  42  41  48  40 
 19  16  23  35  35  34  48  46 
 26  12  46  70  49  40  51  42 
 24   1  54  97  50  47  54  38 
 29   0  57 107  54  52  66  44 
114 124 118 130 132  90  30  22 
114 118 120 132 111  84  22  22 
127 127 122 138 102  77  37  30 
130 132 127 148 110  58  49  13 
128 141 114 141 125  35  66   0 
128 145 114 140 120  25  56   0 
121 138 104 124  96  30  37   6 
119 133 101 115  62  33   6  12 
 17  10  29 133  74  37  50  30 
  6   0  20 116  92  39  39   6 
 13   0   0  64  87  50  56  27 
  0   0   0  51  84  66  54  20 
  0   5   0  45  77  90  57  27 
  0   0   0  33  61  95  65  47 
  2   0   0  34  79  93  55  35 
 66   0   0  11  66  66  49  40 
  7  28   7  21 136 198 198 231 
 30   2  19  48  93 162 196 184 
 24   0  27  35  11  70 146 147 
 17  23  38  23   5  36  93 139 
 20  36  37  31  40  49  59  97 
 22  20  37  42  32  37  52  70 
 27  24  45  47  19  20  44  67 
 18  25  31  33  34  24  16  41 
246 231 199 191 198 212 242 238 
186 179 163 163 165 164 176 166 
160 163 169 173 165 152 174 193 
 62  73 126 179 180 130 101  97 
 64  11  27 103 175 186 177 185 
104  28  20  74 156 199 200 209 
 69  17  12  34 113 193 222 239 
 73  29  14  12  99 215 255 255 
 23  27  24  37  30  35  13  20 
 16  18  15  26  18  23   2   9 
 18  20  16  26  17  21   4  12 
 27  30  23  30  20  22   6  17 
 24  26  21  25  16  19   7  19 
 30  33  29  33  22  23  12  23 
 32  35  33  38  27  27  17  28 
 23  26  26  30  19  17   7  18 
 61   0  16  27  48 226 255 255 
 45   0  11  18  55 204 255 255 
 39   0  18  23  65 163 207 214 
 14   0   4  23  69 151 174 180 
 11   0   0  31  56 140 136 134 
  6   0   0  39  38 105  88  77 
  8   0   0  31  33  93 123 141 
 55   0   2  16  25  93 194 255 
