 88  95 100 106 107 109 101  99 
 89  97 103 110 109 110 106 107 
 89  99 106 112 107 107 108 115 
 91 102 110 114 105 102 107 119 
 93 103 114 119 107 100 105 119 
 99 109 120 126 113 103 107 124 
 97 106 117 126 114 104 107 122 
 95 103 115 124 116 105 107 122 
111 116 119 126 125  93 144 170 
112 120 123 125 122  92 140 163 
113 127 129 124 120  93 139 156 
113 130 133 126 121  97 143 153 
111 129 134 128 125 100 145 156 
112 128 134 132 130 102 146 160 
112 124 130 135 133 100 144 163 
115 123 128 137 134  97 141 163 
 93 105 111 110 106 108 112 116 
 95 109 119 119 113 115 119 123 
 95 112 124 123 114 113 117 123 
 95 113 126 125 113 111 115 120 
 93 111 126 126 115 112 118 125 
 97 114 127 127 119 120 129 136 
101 114 123 122 116 119 129 136 
106 115 120 115 110 112 120 126 
113 116 129 131 132 103 139 163 
122 124 138 138 137 108 142 164 
123 127 139 138 135 107 142 163 
127 129 139 135 134 108 144 164 
138 139 144 136 136 112 147 164 
144 145 150 138 137 112 142 156 
139 144 152 143 141 114 142 152 
135 144 156 151 151 126 152 157 
134 161 227 212 222 227 227 240 
134 161 227 213 224 229 230 241 
135 161 227 214 226 233 232 242 
134 161 228 215 227 233 232 241 
129 158 229 218 228 232 230 239 
118 154 230 220 227 228 227 239 
104 146 229 221 226 227 226 241 
 93 140 228 222 226 226 227 244 
241 241 236 236 240 244 253 255 
242 243 238 238 243 246 255 255 
242 242 238 238 243 246 255 255 
240 240 236 237 241 245 255 255 
239 240 236 237 241 246 255 255 
240 241 238 239 244 250 255 255 
240 241 238 239 245 250 255 255 
237 239 236 238 243 248 255 255 
112 135 211 223 231 219 227 239 
110 147 222 223 228 225 235 242 
107 160 233 222 225 228 240 245 
112 164 233 219 227 227 235 242 
121 167 228 219 234 228 228 241 
124 171 229 220 241 233 228 244 
113 176 236 218 240 238 233 245 
 99 179 242 214 234 241 238 246 
236 237 234 237 244 250 255 255 
242 242 238 239 246 251 255 255 
244 244 239 242 246 251 255 255 
242 242 238 239 245 248 255 255 
240 241 237 238 245 250 255 255 
241 241 237 239 246 251 255 255 
242 242 237 238 244 248 255 255 
241 241 236 237 240 244 252 255 
250 255 255 255 255 249 234 226 
250 255 255 255 255 247 227 214 
253 255 255 255 255 247 220 203 
255 255 255 255 255 251 221 199 
255 255 255 255 255 255 226 205 
255 255 255 255 255 255 229 210 
255 255 255 255 255 253 226 209 
255 255 255 255 255 249 222 204 
227 244 186 162 129 149 139 105 
211 237 189 168 130 147 139 108 
194 230 192 173 130 143 135 108 
190 229 193 175 130 140 132 104 
204 237 195 176 133 143 132 101 
218 246 200 178 135 147 135 104 
218 247 201 178 134 145 136 107 
212 243 199 175 130 142 135 108 
255 255 255 255 255 249 225 210 
254 255 255 255 255 252 228 213 
253 255 255 255 255 253 231 216 
252 255 255 255 255 252 228 213 
252 255 255 255 255 248 224 207 
252 255 255 255 255 246 220 204 
252 255 255 255 255 247 221 204 
252 255 255 255 255 248 222 205 
217 248 192 173 119 140 125 100 
229 252 194 181 125 138 122 103 
227 247 189 182 128 141 123 107 
221 246 188 173 121 140 121  93 
216 253 192 161 108 141 118  72 
205 250 189 154 106 149 126  72 
201 243 183 154 111 152 130  78 
214 247 185 159 112 144 119  72 
119 121 120 120 130 126 125 134 
112 120 120 114 120 123 126 134 
114 128 122 105 108 118 126 129 
124 134 117  88  95 115 125 121 
124 128 105  72  88 119 130 121 
125 125  96  68  91 127 139 128 
127 125  96  70  88 116 125 115 
124 122  94  65  74  91  94  85 
134  75  94 113  93 111 123 103 
130  75  95 127 121 130 137 128 
113 108 129 127 122 152 157 142 
136 149 161 142 140 163 143 116 
147 127 131 147 163 157 125 116 
142 122 115  97  79  69  56  65 
114 118 129 101  81 103 116 122 
114  90 104 111 105 105  85  65 
123 127  92  73  84  98 138 168 
120 116  94  77 104  97 119 121 
129 122  94  97 113 107 100  88 
118 108  62  78  68  83  79  86 
119  92  50  45  46  67 118 147 
123  74  55  30  73  87 186 219 
114  59  40  48 103 138 226 248 
111  67  27  93 128 200 239 255 
174 175 166 142 114  96  86  83 
 93  84  78  80  91  94  79  61 
 81  87  94  96  94  92  83  74 
127 152 174 168 150 139 142 149 
207 216 224 221 214 208 203 198 
244 244 240 232 224 218 209 200 
239 246 248 236 222 215 215 217 
255 255 254 240 225 215 210 205 
105 161 199 188 170 166 159 144 
134 145 138 123 139 178 195 186 
101  81  82 106 112 106 131 171 
 98 108 121 138 160 175 162 139 
 75  61  40  36  70 126 164 176 
103  85  90 114 109  77  67  84 
115 126 134 150 184 200 156  92 
 72  80  82  98 146 195 185 147 
152 181 184 150 126 137 163 178 
195 160 172 177 132 134 174 176 
202 203 195 168 136 131 158 183 
128 167 173 162 160 150 152 180 
144 108 119 148 138 131 146 156 
142 122 102  94  87  78  84 105 
 43  94  81  56  65  53  38  65 
 62  55  51  57  54  55  72  95 
 60  65  51  33  35  70 102 120 
 72  75  65  45  27  22  17  11 
 55  56  58  59  57  56  52  52 
130 115 103  99  93  87  83  86 
181 164 150 151 148 140 134 135 
205 186 166 157 149 142 135 136 
201 186 166 155 151 155 156 159 
205 196 180 168 160 159 152 148 
 94  92  64  63  90  96 119 181 
 57  84  72  58  74  93 107 128 
 41  68  72  61  65  92 110 112 
 69  60  62  65  56  70 102 118 
129 100  94  95  69  64  89 103 
143 129 125 115  85  77  78  67 
141 141 138 129 111 105  91  70 
145 139 130 128 119 111  98  90 
180 181 181 178 184 177 150 117 
180 178 178 176 179 164 128  92 
180 174 174 178 181 163 131 101 
186 180 178 181 184 172 156 141 
168 168 167 166 168 162 157 150 
114 125 134 134 138 138 133 121 
 90 105 115 113 121 128 119  96 
116 129 129 119 127 136 122  91 
118 188 228 238 219 174 156 160 
120 189 235 252 233 183 161 167 
142 203 241 255 236 182 163 173 
168 211 231 241 217 162 147 162 
159 194 202 206 179 127 112 127 
128 172 188 191 163 111  93 104 
121 185 217 220 185 133 118 128 
138 216 255 255 220 168 159 171 
153 120  84  69  83 100 113 115 
138 119  79  41  48  82 101  96 
 79  74  75  66  37  18  59 118 
 96  43  29  61  65  30  34  74 
122  82  42  37  60  69  51  24 
 61  78  73  46  40  55  59  45 
 30  29  35  45  51  50  57  65 
 43  19  12  25  37  36  48  67 
152 242 248 255 236 175 157 186 
159 237 255 255 218 169 153 157 
177 235 255 255 224 189 177 170 
178 244 248 255 242 217 209 210 
135 255 251 255 249 234 231 234 
 63 236 255 255 251 248 253 246 
 38 164 255 255 255 255 255 255 
 59 100 255 255 255 255 255 255 
174 188 198 205 210 200 196 204 
178 190 198 203 206 198 193 203 
187 197 201 204 207 199 196 205 
182 190 194 197 202 194 189 198 
145 153 158 164 169 162 157 165 
116 123 125 131 139 133 130 138 
133 137 136 138 146 144 143 152 
172 173 167 167 175 175 176 188 
213 214 213 211 207 206 207 210 
211 214 219 220 219 218 217 217 
206 207 210 211 210 209 205 204 
207 206 204 203 202 202 203 203 
171 173 174 174 173 172 174 175 
138 145 151 150 141 136 136 138 
162 171 175 169 159 155 162 172 
192 199 201 194 187 194 216 236 
180 172 174 185 186 176 182 199 
154 153 161 174 174 166 173 189 
168 169 177 183 172 156 153 162 
204 203 205 203 186 161 143 137 
229 226 224 223 215 194 171 153 
244 242 240 242 242 231 207 185 
255 255 253 253 255 248 227 205 
250 253 253 250 249 244 227 208 
205 207 208 202 215 231 237 254 
202 214 223 222 235 252 255 255 
176 200 225 239 246 250 253 252 
147 169 204 239 242 232 238 239 
129 129 146 191 194 188 226 249 
146 119  99 127 126 137 215 255 
184 149 106 113 106 132 228 255 
180 157 115 114 106 140 234 250 
221 248 255 255 244 178 141 113 
221 248 255 255 236 172 144 126 
223 251 255 255 242 169 130 103 
214 241 255 255 239 161 114  81 
181 214 239 236 209 128  94  75 
160 206 242 236 191 100  68  60 
195 229 255 255 223 143 118 112 
248 255 255 255 255 226 224 225 
141 179 205 197 196 204 207 195 
137 164 189 193 193 196 199 195 
129 150 180 196 198 195 195 197 
 91 124 167 190 195 191 190 188 
 66 117 171 195 203 206 205 195 
 77 128 177 198 206 215 216 208 
133 157 184 198 208 214 218 217 
217 215 219 227 235 234 241 249 
255 255 255 255 255 255 255 255 
255 255 255 255 255 255 255 255 
255 255 255 255 255 255 255 255 
254 255 255 255 255 255 255 255 
255 255 255 255 255 255 255 255 
255 255 255 255 255 255 255 255 
255 255 255 255 255 255 255 255 
255 255 255 255 255 255 255 255 
207 209 211 205 220 236 243 255 
204 216 226 225 240 255 255 255 
175 199 225 239 249 253 255 255 
146 168 204 239 245 235 243 244 
127 127 146 191 195 189 229 252 
144 117  99 127 127 138 218 255 
181 146 105 112 106 132 230 255 
177 154 114 113 106 140 236 252 
111 112 137 145 118 108 127 138 
109 128 160 159 119  99 111 117 
129 144 172 177 153 134 129 120 
143 150 165 169 145 116 110 115 
198 206 212 195 142  95 102 142 
196 196 189 171 133  96 105 151 
124 126 112 106 110 104 104 125 
 91 113 108 101 113 123 122 132 
 53  60  72  73  74  70  77  84 
 69  79  93  95  96  92  98 103 
 59  70  85  88  88  86  93  98 
 65  77  91  91  92  93 103 106 
 92 104 114 112 112 117 127 130 
 93 106 116 112 112 117 127 129 
 97 112 124 119 117 121 125 125 
 94 111 125 120 119 121 122 118 
 60  96 105 119 129 114 121 147 
108 115 109 110 103 115 159 180 
111 103 107 115  99 119 173 183 
103 100 110 133 122 120 156 173 
124 124 114 132 132 104 126 173 
134 140 124 140 142 106 123 184 
113 126 134 152 137 109 134 173 
118 127 151 162 126 114 151 164 
121 127 131 125 123 124 128 129 
147 145 136 127 128 133 136 137 
115 118 122 127 138 143 141 134 
158 164 172 176 183 181 171 160 
184 187 191 189 193 197 199 197 
164 171 180 182 192 199 203 203 
112 116 120 120 126 127 123 115 
 96  88  80  77  89  98 101  97 
224 223 223 225 231 235 236 236 
223 224 225 224 225 229 235 239 
234 237 238 233 230 231 239 247 
229 230 229 224 219 219 224 229 
236 235 234 233 233 232 230 229 
229 227 227 229 232 232 228 226 
161 161 161 161 159 158 158 158 
 91  93  93  87  79  75  79  82 
126  86  80  88 111 103 104  95 
126  90  83  81  92  79  83  76 
133 116 123 117 116  96 101  96 
133 142 177 181 176 154 158 151 
129 159 214 223 219 200 206 199 
126 165 222 227 221 207 219 213 
129 171 226 225 218 208 222 212 
123 167 226 225 218 209 219 208 
105 110 111 104  95  91  96 103 
 90  97 102 100  96  91  92  95 
 99 106 114 119 119 116 112 111 
162 164 170 176 180 180 176 173 
207 205 205 208 212 214 214 211 
214 212 211 211 212 214 214 212 
216 218 221 222 221 217 214 212 
204 210 217 221 217 210 203 200 
114 178 228 211 232 231 221 230 
110 178 234 214 228 227 221 231 
102 177 242 223 230 228 227 238 
 98 171 242 225 226 223 224 231 
121 178 245 236 237 235 236 238 
126 157 211 214 226 228 231 232 
114 109 141 145 161 161 162 160 
138 107 115 108 117 109 102  95 
196 227 192 148 103 156 133  87 
194 238 208 152  99 152 131  79 
199 206 170 144 109 140 120  88 
241 227 187 156 118 130 113  94 
195 215 189 134  95 126 123  90 
133 137 120  98  97 127 123  88 
132 102  88  94 103 106 106  95 
 88  90  94  78  63  73 102 114 
 91  80  78  87  95  93  93  99 
 92  81  79  86  93  90  95 102 
102  92  88  88  88  84  88  95 
159 154 150 149 148 142 145 151 
200 201 209 213 215 214 217 220 
197 200 209 214 219 219 220 220 
200 200 205 209 216 217 217 213 
198 197 201 204 215 220 221 218 
 95  95 104 101  86  81 103 117 
 91  96  95 103 111 138 139 123 
 95 108  91 101 119 171 148 108 
153 170 132 129 133 185 151 117 
220 220 160 146 142 185 150 126 
238 221 150 129 141 179 144 121 
225 213 147 114 142 174 143 115 
208 213 162 116 144 167 142 113 
249 255 255 255 255 246 231 206 
252 255 255 255 255 249 234 211 
254 255 255 255 255 252 245 229 
247 251 247 253 255 248 253 245 
235 241 235 240 241 233 241 234 
226 234 233 237 234 219 220 210 
160 170 167 172 167 153 157 149 
 81  88  83  88  85  81  94  92 
236 235 238 227 219 207 201 201 
240 237 238 227 218 205 199 197 
241 237 236 225 219 206 198 194 
235 232 231 221 218 206 197 191 
235 232 233 224 221 208 196 187 
244 240 242 235 233 218 201 187 
238 235 239 237 237 222 203 188 
215 213 221 223 227 214 195 179 
119 139 118  83 146 244 213 184 
138 131 136  89 154 237 218 220 
126 127 165 113 178 254 243 255 
126 165 199 158 191 255 237 216 
129 191 189 200 206 253 244 212 
141 187 165 228 225 255 255 255 
166 194 187 246 241 254 255 255 
144 175 205 243 248 255 255 247 
141 101 140 133 169 171 192 168 
184 156 153 127 147 158 194 183 
211 182 136 129 140 145 201 241 
165 129  72 117 128  97 154 245 
200 167 106 165 167 117 153 254 
241 216 147 155 152 139 173 247 
254 240 189 158 161 188 218 255 
235 234 223 196 209 242 246 255 
139  96  61 124 154 202 255 255 
132 105  85 152 157 218 255 255 
130 127 131 154 159 227 249 255 
132 145 151 120 159 220 255 255 
133 145 116 106 156 213 255 255 
136 136  78 130 156 234 251 255 
133 125  77 130 143 252 243 255 
124 115 100 100 120 252 240 243 
144 136 137 137 135 132 119  96 
147 138 137 136 132 129 113  88 
156 145 141 141 138 136 118  92 
151 139 136 137 137 136 119  93 
153 142 138 138 136 136 122  98 
160 150 146 144 138 138 128 107 
154 147 144 142 132 133 125 110 
138 133 131 130 121 125 121 109 
164 161 169 151 122 112  87  74 
176 154 147 127  97  85  70  71 
222 174 148 123  96  84  79  90 
240 180 136 107  86  85  80  85 
239 178 129  98  93 106  98  88 
227 171 128 104 108 128 119 106 
205 148 115 102 107 121 115 115 
208 147 119 113 113 115 114 128 
 74  81  79  85  91  90  92 109 
100 106  98  94  96  93  88  97 
104 116 109 100 101 108 105 108 
 73  95  93  84  86 101 104 107 
 79 106 107  90  84  97  97 101 
108 132 129 111 101 108 104 109 
122 136 129 119 114 119 114 117 
133 140 129 124 127 133 124 125 
185 181 165 148 142 147 144 137 
185 174 157 146 145 147 144 137 
183 166 151 147 150 147 145 141 
180 166 156 156 155 145 141 141 
174 168 167 166 159 143 138 141 
172 173 175 169 158 142 138 139 
175 178 177 165 155 147 145 142 
168 170 164 148 141 141 140 133 
 71  65 244 255 255 255 255 255 
 47  54 237 255 255 255 255 255 
 42  55 227 253 255 248 243 239 
 43  51 195 218 228 231 227 220 
 43  40 143 153 162 171 166 154 
 36  38 121 123 124 133 130 120 
 31  61 155 165 161 172 177 179 
 46  96 198 207 184 181 183 190 
 85  48  33  32  19  18  19  15 
 80  59  45  37  24  22  21  21 
 89  80  56  32  23  26  24  27 
 99  93  56  21  28  44  41  45 
104  99  65  39  60  87  85  80 
104 100  83  67  83 107 101  86 
109 110 109  97  89 102 101  87 
108 111 122 109  82  90 103  96 
 60 189 215 210 191 191 201 202 
 79 194 207 203 191 190 196 195 
109 203 200 200 196 194 192 192 
124 208 199 204 203 199 195 197 
130 214 208 216 216 209 205 210 
118 207 204 211 211 206 203 207 
118 210 205 207 205 205 202 202 
127 219 211 208 208 211 207 204 
 60  40  27  28  42  53  52  51 
 60  43  31  26  30  39  46  55 
 63  50  41  30  23  28  42  61 
 61  51  44  35  25  26  39  57 
 61  48  43  41  34  31  34  47 
 63  47  39  43  40  34  30  37 
 78  55  43  44  41  35  32  40 
 91  66  49  46  41  37  36  47 
174 140 125 119 115 149 219 255 
191 180 189 196 184 196 238 255 
208 209 224 231 213 208 230 252 
195 199 209 212 195 182 191 205 
159 170 183 190 184 163 152 156 
159 171 178 185 187 172 158 163 
210 220 219 217 221 212 206 220 
219 235 234 229 230 218 212 228 
203 208 211 208 202 198 201 205 
189 194 198 198 195 193 194 196 
181 184 188 192 193 192 191 189 
184 185 188 192 195 194 189 185 
200 199 200 202 205 204 197 191 
200 198 197 197 198 197 192 188 
205 203 201 200 201 201 201 201 
212 211 210 208 210 212 217 219 
 73 202 231 226 211 211 214 215 
 92 207 223 219 211 210 209 208 
116 210 212 212 211 209 202 202 
131 215 211 216 218 214 205 207 
128 212 211 219 222 215 208 213 
116 205 207 214 217 212 206 210 
110 202 204 206 207 207 202 202 
119 211 210 207 210 213 207 204 
255 255 255 255 255 255 236 218 
255 255 255 255 255 255 240 224 
255 255 255 255 255 253 233 219 
230 234 241 244 240 228 214 203 
161 166 175 183 185 182 173 168 
141 144 153 163 172 176 173 170 
189 186 188 196 206 212 211 206 
216 209 204 207 216 219 216 210 
205 201 202 209 220 223 216 209 
204 206 210 215 217 215 210 207 
196 203 212 214 212 207 206 206 
182 187 196 200 200 201 204 206 
194 193 194 200 208 216 219 220 
202 195 192 198 211 221 223 221 
210 205 201 207 220 230 232 230 
209 206 206 213 226 235 238 237 
200 205 208 205 199 195 198 202 
186 191 195 195 192 190 191 193 
179 182 186 190 191 190 189 187 
182 183 186 190 193 192 187 183 
200 199 200 202 205 204 197 191 
200 198 197 197 198 197 192 188 
207 205 203 202 203 203 203 203 
214 213 212 210 212 214 219 221 
255 255 255 255 255 255 255 255 
255 255 255 255 255 255 255 255 
255 255 255 255 255 255 255 255 
228 231 232 228 223 223 231 239 
171 178 181 171 157 154 164 177 
181 186 188 177 162 157 165 176 
216 217 215 210 207 207 211 216 
229 225 223 225 233 240 243 243 
255 255 255 255 255 255 255 255 
255 255 255 255 255 255 255 255 
255 255 255 252 254 255 255 255 
240 241 225 203 198 203 211 224 
195 198 185 169 167 169 176 189 
197 200 192 188 195 200 205 217 
210 210 202 203 218 226 229 237 
233 229 217 220 237 244 243 247 
112 120 117 121 107 100 136 168 
117 123 116 118 106  97 133 164 
120 124 116 117 106  99 135 165 
118 125 118 120 106  99 139 173 
116 127 125 124 103  94 137 175 
116 127 126 125 102  93 135 172 
118 125 122 125 112 105 142 175 
118 121 117 126 122 120 154 182 
 97 109 118 113 109 109 118 123 
 99 110 119 114 112 112 120 124 
 98 109 119 115 112 112 119 121 
 96 105 115 112 110 110 116 118 
 97 105 114 111 110 111 116 117 
 99 108 115 113 112 114 118 118 
102 109 115 113 114 116 120 119 
100 107 113 111 112 114 118 118 
123 123 140 155 151 112 145 177 
118 119 131 139 133 102 138 168 
118 121 127 126 121 100 141 169 
118 125 129 123 120 106 150 175 
116 127 133 125 119 105 148 170 
115 122 128 121 114  96 135 160 
115 119 125 121 114  93 134 163 
118 118 125 126 120  99 143 177 
 96 105 116 114 114 114 118 119 
 99 109 116 113 113 116 120 124 
106 113 117 113 113 116 124 128 
105 113 119 114 114 116 124 127 
102 112 122 118 117 118 122 123 
102 112 123 119 118 118 121 122 
106 115 123 119 118 118 123 124 
111 118 124 118 117 119 126 129 
163 170 172 176 175 174 168 157 
170 176 176 178 176 175 169 161 
175 180 175 175 173 173 169 161 
175 178 171 170 170 171 169 163 
165 167 161 160 158 162 163 158 
160 163 157 156 153 158 161 157 
159 162 153 151 148 152 152 149 
162 163 155 151 149 152 151 148 
134 178 214 214 199 208 201 199 
133 171 213 211 196 205 199 198 
135 162 209 203 188 194 188 186 
136 150 207 197 184 190 186 185 
133 134 204 194 185 191 191 191 
147 133 208 192 180 182 182 182 
141 117 195 173 161 158 157 156 
121  91 175 153 144 143 144 144 
206 205 199 201 197 195 186 182 
200 200 196 198 193 190 183 177 
198 199 192 195 187 183 175 171 
200 200 191 191 182 179 173 170 
202 202 192 189 176 173 171 171 
195 195 185 183 169 167 166 167 
180 183 176 176 162 160 158 159 
165 171 168 170 158 154 152 152 
118 100 169 153 141 154 136 135 
124 116 189 165 146 159 146 143 
118 120 192 169 146 154 152 153 
118 114 180 168 145 145 152 163 
130 113 169 169 149 138 154 171 
141 120 167 169 148 132 151 164 
136 130 177 170 147 136 155 154 
129 140 189 174 148 146 167 154 
190 191 141 138 124 156 144 122 
187 190 137 138 131 163 144 118 
182 184 129 134 133 166 140 113 
177 184 126 128 131 160 133 110 
175 187 127 124 125 153 126 111 
177 194 130 123 128 154 126 117 
175 192 122 118 131 158 128 117 
174 188 116 114 135 163 128 114 
195 196 200 204 209 211 213 213 
190 191 197 200 208 210 212 212 
187 188 192 197 204 207 209 207 
185 185 190 193 202 204 206 204 
184 183 187 193 205 211 213 212 
178 177 180 187 203 212 218 217 
170 167 169 176 191 202 210 210 
166 160 160 164 178 188 195 197 
188 225 162 103 147 171 144 112 
200 226 170 114 135 160 142 102 
196 216 165 118 127 155 148 110 
193 217 154 115 132 160 144 121 
198 227 145 108 138 159 127 119 
195 217 135 109 134 158 123 118 
183 185 123 118 115 151 139 119 
182 164 122 129  98 143 149 112 
152 159 164 162 170 179 185 181 
154 160 165 163 172 183 188 184 
155 161 168 166 177 187 193 188 
156 161 168 167 178 190 194 189 
160 165 171 169 183 193 199 192 
166 168 174 173 186 198 202 195 
167 168 173 172 187 199 201 192 
165 166 169 169 184 195 197 188 
255 246 255 238 222 223 237 202 
242 251 251 229 242 234 219 191 
247 255 214 164 198 188 158 143 
251 249 195 142 188 201 186 175 
237 229 209 181 219 235 230 199 
235 222 224 206 216 213 206 163 
221 216 221 202 208 198 201 183 
217 225 227 209 222 207 213 218 
154 169 231 203 231 255 242 250 
160 172 227 193 215 255 255 255 
155 172 242 220 220 255 255 255 
155 165 248 254 227 249 255 255 
169 151 225 255 239 243 255 255 
171 140 195 255 248 255 255 255 
162 143 170 210 210 252 255 255 
158 154 148 141 135 216 255 255 
213 211 206 194 224 228 250 229 
218 213 214 205 225 232 228 205 
230 216 213 201 213 240 223 215 
238 220 217 198 199 240 218 226 
234 222 223 200 188 220 196 206 
235 228 224 193 184 203 199 208 
237 233 221 189 193 202 220 220 
230 233 224 201 215 206 226 208 
155 138 157 153 127 214 255 255 
152 141 154 143 129 204 255 255 
145 145 151 140 138 187 255 255 
141 145 149 147 151 164 255 255 
144 143 142 149 151 139 234 255 
150 144 136 144 144 130 204 255 
148 146 142 144 140 134 165 219 
144 152 152 151 142 142 134 174 
138 138 134 133 129 126 128 127 
129 133 133 132 125 122 127 129 
122 129 132 131 123 119 128 134 
122 128 130 130 123 122 129 134 
125 127 125 125 122 122 125 126 
124 123 118 118 117 118 123 123 
125 125 117 115 109 112 119 124 
122 126 120 117 108 110 123 132 
208 156 134 129 113 124 134 126 
207 155 130 130 117 127 136 132 
190 146 128 131 113 113 124 131 
185 150 136 138 117 110 123 144 
184 141 111 109 104 109 120 140 
189 137  86  80  96 118 124 134 
191 152 106  94 109 130 134 138 
168 156 129 113 112 120 118 128 
146 145 138 140 135 134 129 127 
151 151 145 147 140 136 129 126 
156 157 150 151 141 136 125 119 
154 154 146 146 136 131 121 117 
156 154 142 141 130 128 120 118 
158 154 141 138 128 127 122 120 
158 156 143 141 128 126 117 115 
156 155 143 141 128 123 113 109 
148 152 140 117 104 118 119 113 
158 133 117 119 113 109 111 128 
130  95  76  86  83  77  78 101 
127 113  94  85  81  87  85  85 
142 142 130 111 101 109 104  95 
153 141 130 120 109 104  97 100 
174 148 126 120 110 101  95 103 
189 162 130 112 105 107 102 102 
184 196 176 145 130 131 139 126 
205 221 205 178 166 168 177 164 
215 236 225 202 190 194 205 195 
214 236 226 204 192 198 214 207 
216 237 224 199 179 186 209 205 
216 238 223 195 173 182 206 206 
212 234 218 189 166 174 200 202 
211 235 221 193 170 178 204 206 
118 120 121 115  95  92 117 107 
124 104 113 123 105  86  99 114 
116 108 126 110  90  94  94 105 
115 114 135  97  80 105 106 127 
116  97 112  92  82  96 104 162 
107 107 110  90  91 116 132 179 
 98 121 110  84  86 113 119 128 
108 114  90  90  95  84  77  85 
138 202 216 197 201 210 203 202 
165 205 212 202 204 212 213 214 
190 198 194 194 192 196 209 213 
211 195 186 196 191 187 199 201 
206 184 172 186 182 175 185 185 
168 157 142 147 148 141 146 147 
125 129 105  94  98  95  98 104 
115 129  94  70  75  73  75  84 
114 116 102 109  85  85  80 116 
110 121 115 128 110 111 103 138 
108 128 134 154 140 139 124 157 
108 136 144 162 152 148 126 159 
126 158 163 177 170 164 134 168 
129 166 167 176 172 166 132 169 
136 177 177 183 180 172 135 172 
142 185 184 188 185 175 135 172 
127 158 193 211 212 215 220 225 
139 170 204 220 221 221 224 229 
149 179 210 224 225 224 227 231 
154 181 208 221 222 222 226 230 
148 171 197 209 213 216 226 231 
149 171 196 207 213 219 229 233 
138 161 189 202 210 214 223 225 
138 163 191 205 213 216 222 223 
199 197 198 203 206 205 203 207 
211 207 203 204 202 202 204 213 
211 208 205 204 202 204 214 226 
202 203 207 208 207 209 221 233 
190 196 206 211 210 206 214 222 
156 161 171 176 172 163 161 164 
105 106 115 119 120 112 108 108 
 79  78  84  90  96  93  93  95 
192 192 195 194 194 193 197 201 
202 200 198 197 199 199 204 207 
216 212 205 201 202 206 209 208 
223 219 210 205 207 210 211 208 
225 228 226 221 220 222 221 216 
185 202 213 213 211 211 211 209 
147 180 209 216 211 212 212 212 
119 160 202 213 210 212 214 218 
100  95 101 107 112 120 121 107 
130 121 124 132 143 153 149 129 
155 142 144 154 168 176 166 140 
169 157 160 168 179 185 171 144 
189 181 182 187 187 187 173 149 
197 192 195 195 188 183 170 149 
210 205 204 203 194 188 174 153 
218 210 208 207 199 193 179 155 
186 164 162 175 184 190 194 193 
228 206 202 212 216 218 219 216 
250 231 226 233 233 233 231 226 
246 232 231 238 237 238 236 230 
245 236 236 243 241 242 242 235 
251 245 248 252 246 246 245 238 
255 253 255 255 249 246 245 236 
255 255 255 255 255 255 255 248 
231 227 227 228 231 229 227 226 
225 226 229 233 234 233 230 229 
224 228 231 235 235 231 227 222 
226 233 238 242 244 243 238 233 
216 224 230 236 242 245 237 228 
214 218 222 224 228 228 212 194 
210 213 213 213 214 207 181 153 
208 212 216 218 222 215 185 152 
219 217 217 219 224 228 225 223 
216 217 220 226 230 233 230 229 
226 231 238 242 243 245 246 247 
238 242 246 247 243 242 243 245 
241 241 240 235 229 227 227 230 
193 192 188 183 178 177 177 178 
125 124 121 122 127 129 131 131 
112 112 113 120 130 137 140 138 
214 220 220 219 225 231 222 207 
223 230 231 227 230 238 236 229 
228 236 236 232 232 241 248 248 
227 231 232 229 230 239 247 248 
234 235 235 238 244 251 254 252 
234 235 237 242 248 252 252 249 
236 240 246 251 254 254 255 255 
238 245 254 255 255 255 255 255 
155 161 160 161 141 137 166 178 
146 151 153 157 139 138 169 182 
134 141 142 149 135 137 172 187 
131 135 135 140 127 132 172 190 
133 135 132 134 122 130 172 192 
134 136 132 133 121 128 171 190 
129 134 134 137 128 134 174 191 
124 132 134 142 133 137 176 191 
114 118 126 122 116 118 126 124 
118 120 128 124 117 118 126 122 
120 123 131 128 119 120 127 122 
121 125 134 131 123 125 132 128 
124 128 138 137 130 132 140 136 
124 129 140 141 135 139 148 144 
128 134 148 149 141 144 151 149 
131 136 150 151 143 147 154 150 
129 129 130 138 129 130 169 187 
128 132 133 137 129 135 171 186 
127 134 134 134 128 139 176 183 
127 137 136 134 128 142 177 180 
137 148 145 142 134 146 181 183 
148 157 156 153 141 147 181 189 
156 162 163 161 146 143 179 194 
158 162 164 165 146 138 175 193 
134 143 150 148 145 148 149 151 
135 144 151 148 144 145 146 148 
136 145 149 145 138 138 137 139 
126 136 139 136 129 129 128 128 
120 128 133 131 123 124 126 127 
119 127 131 127 121 122 126 128 
123 130 132 127 120 121 126 128 
125 132 132 125 117 118 123 127 
154 150 146 146 147 153 155 158 
150 148 147 149 152 160 162 167 
151 152 150 155 159 167 170 175 
154 157 157 162 165 171 172 177 
154 159 163 168 169 174 178 181 
151 157 164 170 172 176 179 183 
153 160 167 173 174 176 176 180 
156 163 171 174 171 171 171 173 
128 138 177 166 143 154 150 147 
136 146 186 180 154 158 156 156 
127 139 181 183 154 150 156 160 
125 141 182 192 164 154 167 174 
122 142 178 192 165 151 171 175 
118 141 170 181 153 139 165 162 
123 152 174 183 157 150 178 168 
112 144 164 171 150 147 180 167 
159 159 149 149 161 166 154 149 
161 166 158 154 162 165 156 156 
161 169 162 157 161 163 156 158 
162 170 164 162 165 165 155 155 
167 174 168 168 174 174 161 155 
166 171 164 164 172 172 158 152 
160 167 162 157 161 162 154 154 
160 169 163 155 154 156 155 162 
114 155 161 158 149 148 165 147 
107 145 152 151 146 151 166 149 
112 147 156 152 148 153 162 149 
116 151 169 163 156 158 163 155 
110 147 181 177 167 169 170 170 
110 143 183 178 168 170 165 169 
117 140 176 170 165 171 158 161 
115 130 165 161 164 177 162 164 
141 164 119 122 146 163 151 118 
159 180 127 125 144 160 151 125 
149 195 144 117 131 163 158 121 
146 194 144 117 131 153 148 123 
159 188 131 123 137 134 127 135 
148 200 141 113 130 146 139 133 
143 212 155 117 131 143 119  97 
171 207 152 153 157 107  59  63 
158 157 167 174 187 192 192 189 
159 156 160 168 185 193 198 196 
157 153 158 167 185 195 200 196 
154 154 164 172 186 192 195 193 
153 153 162 164 174 179 187 190 
160 156 155 151 160 170 184 191 
159 151 149 148 163 174 187 190 
157 148 149 156 177 189 193 187 
167 183 119 112 134 151 138 115 
172 186 120 114 132 148 134 112 
176 189 122 115 133 147 133 112 
175 186 120 115 133 147 134 115 
180 190 122 118 137 149 133 115 
178 188 122 120 139 147 131 112 
173 183 119 123 142 151 135 119 
163 175 115 122 145 156 142 126 
155 147 150 155 176 184 193 193 
164 155 156 159 178 185 191 187 
172 163 163 165 186 193 195 187 
177 168 164 164 186 195 199 190 
185 175 173 168 186 198 203 195 
188 182 180 171 184 194 200 192 
186 186 188 178 190 199 206 197 
179 183 190 183 195 202 209 201 
222 233 216 210 201 197 197 183 
172 196 217 223 219 188 192 179 
114 152 183 203 206 194 195 180 
101 133 130 156 166 196 197 178 
126 117 112 122 153 153 176 171 
138  93 115 107 148  68 116 133 
130  91 111 105 124  37  83 112 
134 122 109 119 103  72  94 120 
141 139 128 150 144 116 145 139 
140 136 139 143 144 103 140 132 
153 150 162 154 160 117 158 148 
141 141 153 150 151 128 157 148 
143 149 147 158 144 154 158 152 
151 159 151 164 141 168 160 154 
148 155 153 151 133 158 152 146 
153 158 168 150 141 158 163 156 
188 205 203 210 228 218 215 198 
188 207 200 196 224 231 223 187 
189 223 219 200 221 234 228 182 
175 229 239 213 209 208 209 175 
182 238 255 245 235 219 220 201 
188 230 250 246 249 234 234 216 
214 249 255 251 255 255 255 243 
225 255 255 245 248 249 255 249 
163 161 159 171 138 165 155 180 
157 156 167 181 165 159 143 174 
177 162 177 180 122 164 161 128 
163 177 167 187 150 185 140 136 
181 196 235 202 110 154 179 144 
202 201 212 151 169 175 180 152 
142 126 194 209 169 116 149 194 
197 221 201 177 135 177 163 177 
137 131 124 125 119 118 115 119 
137 132 126 128 121 120 115 119 
126 122 117 122 117 117 115 119 
133 129 123 126 121 120 119 126 
138 133 126 124 118 117 116 124 
139 135 130 130 125 126 127 137 
139 138 135 135 129 125 125 132 
113 110 104  97  82  68  59  62 
170 160 153 123 112 116 111 116 
149 158 162 126 106 110 108 112 
135 159 175 137 107 106 102 101 
116 135 152 125 101  94  87  88 
125 116 120 108  96  90  83  93 
164 133 119 104  94  87  81  98 
189 166 152 129 109  96  84  92 
202 199 201 177 151 135 115 112 
124 125 124 122 122 130 134 135 
116 119 120 121 122 131 135 136 
114 119 121 123 126 135 137 138 
116 120 123 125 127 134 134 133 
109 115 119 121 122 128 126 125 
106 113 117 120 121 128 126 124 
107 112 114 117 119 124 121 119 
116 121 121 121 123 126 122 119 
203 215 208 202 201 177 147 140 
206 209 201 197 192 173 149 136 
202 194 191 191 179 169 154 136 
195 185 188 188 165 156 148 128 
192 185 188 184 157 144 135 118 
169 171 174 175 160 152 144 136 
110 116 113 120 130 131 121 121 
 62  68  56  63  87  91  78  82 
203 217 197 183 194 207 242 249 
201 216 197 185 197 212 248 255 
202 217 197 185 196 212 248 255 
204 218 195 181 191 205 241 249 
204 218 194 180 191 206 241 249 
197 215 197 187 201 216 249 255 
187 208 199 197 210 224 253 255 
180 206 202 204 218 228 254 253 
140 196 162 170 171 153 157 191 
145 197 166 173 172 152 152 184 
160 203 175 180 173 154 152 186 
171 198 169 172 160 147 147 187 
169 178 150 149 133 128 136 183 
170 166 140 137 120 121 132 186 
177 166 146 146 127 129 136 189 
182 168 154 156 136 137 139 192 
196 218 197 169 167 185 221 227 
199 217 196 179 194 221 255 255 
206 216 188 173 192 217 249 245 
195 206 176 157 170 192 226 227 
190 201 167 127 113 114 147 156 
197 207 168 113  75  59  89 101 
191 207 178 141 120 115 153 169 
191 208 189 169 166 173 214 229 
183 168 161 143 145 135 155 191 
180 185 169 149 138 125 150 193 
164 189 161 152 143 131 155 193 
189 206 154 141 140 136 163 196 
206 206 155 127 120 120 155 197 
135 140 159 139 128 112 143 186 
 90  96 191 189 181 139 147 171 
143 126 245 239 232 174 158 166 
155 183 207 212 211 213 213 212 
160 183 205 210 211 214 213 210 
148 169 190 197 202 206 205 202 
147 169 192 202 207 207 208 207 
130 153 180 191 194 192 202 204 
134 150 173 184 189 189 199 203 
158 161 170 178 189 194 200 203 
175 169 167 173 189 197 203 204 
224 222 213 210 202 192 168 152 
253 247 233 223 208 195 171 153 
242 239 227 216 204 189 166 147 
223 223 212 197 181 162 134 109 
144 149 149 139 135 131 117  99 
110 115 115 107 110 122 123 113 
185 186 176 155 143 144 136 122 
221 227 220 197 181 176 159 140 
153 180 210 219 224 230 237 238 
142 171 200 212 219 228 237 241 
144 173 204 218 225 237 248 253 
139 172 206 222 230 243 253 255 
127 161 196 214 226 237 244 246 
128 159 193 208 217 223 228 228 
122 151 182 192 197 200 207 207 
134 159 186 189 192 194 203 203 
243 239 233 222 196 181 160 139 
254 248 240 228 200 184 165 144 
254 250 239 226 197 181 161 143 
255 252 246 234 206 190 171 152 
251 251 249 240 212 195 178 158 
253 253 253 241 214 197 181 164 
255 255 255 253 231 219 212 199 
252 251 251 241 222 216 215 206 
238 236 246 253 246 246 246 239 
241 241 251 255 251 251 249 242 
243 243 253 255 254 254 250 241 
240 241 252 255 254 252 247 237 
241 244 255 255 255 254 248 237 
237 240 252 255 255 252 244 232 
219 224 237 249 240 237 225 212 
197 202 216 229 220 216 204 191 
228 233 239 241 244 248 254 255 
226 227 229 232 237 244 253 255 
228 225 221 223 228 237 243 246 
234 227 224 225 231 234 232 227 
225 220 218 224 231 230 218 207 
204 203 206 217 229 229 217 206 
185 185 191 204 220 227 223 216 
180 179 183 195 214 226 229 228 
255 255 255 255 255 255 255 252 
255 255 255 255 255 255 255 255 
255 255 255 255 255 255 255 255 
230 232 232 232 227 228 226 228 
170 168 168 172 175 178 170 165 
189 186 186 195 200 201 189 181 
217 218 220 227 231 230 220 213 
235 239 243 248 247 245 238 235 
188 183 191 201 207 218 230 231 
188 186 194 205 209 218 231 231 
194 196 206 214 215 225 237 237 
199 201 210 215 214 225 237 237 
208 209 216 217 216 228 241 239 
210 210 215 215 213 226 236 229 
212 212 216 216 218 231 234 221 
209 209 215 216 221 231 230 211 
140 145 158 155 147 155 185 201 
145 146 157 155 150 160 188 201 
149 148 157 156 153 163 190 201 
147 148 158 156 149 160 188 202 
150 156 169 164 151 159 188 207 
152 161 177 171 156 162 191 211 
160 167 181 176 160 165 191 207 
162 167 178 175 163 167 190 201 
126 132 130 125 116 121 123 126 
127 134 131 127 115 120 121 124 
128 135 134 128 116 120 122 126 
126 134 134 129 117 120 124 128 
124 135 136 131 123 125 129 135 
124 135 138 135 124 127 131 137 
124 136 142 137 128 129 134 141 
126 139 144 138 128 129 134 140 
141 144 149 161 149 145 184 210 
145 142 145 157 148 146 184 205 
149 145 142 154 145 145 181 199 
149 148 146 154 144 145 182 201 
143 147 146 151 136 139 177 199 
137 145 146 151 135 137 177 198 
138 145 145 150 137 141 178 194 
143 147 145 152 143 150 182 194 
123 138 141 131 129 140 140 134 
123 138 143 137 136 148 151 146 
125 139 143 137 134 142 145 141 
129 141 144 137 133 138 138 134 
123 134 139 136 134 138 140 138 
125 136 139 137 135 136 137 137 
127 135 139 139 136 136 136 136 
124 134 142 145 145 148 150 152 
147 142 163 162 128  67  70 106 
140 161 136 123  81 104  85  82 
156 145 133  80 102 104 108  70 
160 130 102 120 116 109  81  81 
142 119 105 134 119  92  71  86 
127 128 142 110 112  81  87  72 
122 143 129 124  88 102  91  87 
143 125 125 116 114  79  83  86 
112 138 190 184 190 196 199 190 
124 149 202 204 211 214 217 207 
139 157 215 223 233 228 229 222 
146 157 209 216 223 213 212 207 
155 162 216 217 225 216 220 218 
148 160 212 208 214 209 219 218 
166 186 251 239 252 252 255 255 
163 190 255 242 253 255 255 255 
168 161 181 201 220 205 220 229 
191 193 201 202 235 244 248 219 
202 182 201 226 255 233 255 255 
203 190 197 208 254 254 255 233 
183 181 199 203 233 222 229 209 
196 186 210 213 216 182 221 255 
201 189 187 169 205 215 229 204 
193 164 171 190 230 199 181 153 
189 225 255 255 255 255 255 255 
211 229 255 255 255 255 255 255 
234 253 255 255 255 255 255 255 
229 250 255 255 255 255 255 255 
255 255 255 255 255 255 255 251 
247 255 255 255 255 255 255 255 
227 255 255 255 246 250 252 238 
228 255 255 247 245 255 238 193 
 95  88 124  83  52  72  78  93 
111  59  27  48  69  75 100  91 
 60  67  77  94  92  86 103  95 
 70  61  94  77  77 100  91 106 
135  93 103 101 114 126 111 150 
101 116 110 117 121 108 115 122 
132 155 130 116 130 143 133 108 
130 128 146 128 137 149 108 125 
210 207 219 226 252 255 255 255 
209 190 227 255 255 255 255 212 
218 221 226 229 248 241 255 255 
193 160 189 219 221 239 255 237 
210 208 170 125 120 114 117 134 
208 150 121 112 123 161 167 113 
170 161 143 140 172 193 192 187 
164 154 172 199 211 217 212 194 
255 255 223 221 236 203 226 244 
231 255 255 255 250 255 220 161 
255 255 255 255 213 215 118 125 
176 162 129 138 146 142 154 175 
143 166 197 186 210 193 126 147 
134 200 164 165 169 161 154 158 
118 162 207 139 119 150 113 101 
157 105 190 155 140  92 102 127 
155 140 137 167 203 222 219 208 
144 143 128 125 160 211 225 203 
129 136 121 106 130 172 176 147 
132 128 121 121 126 126 119 110 
134 121 115 119 113 100 105 119 
127 125 120 115 109 106 112 119 
120 119 118 113 113 113 112 106 
127 110 100 104 110 107 107 109 
149 131 135 150 139 132 122 109 
161 156 151 139 118 112 108 102 
142 168 174 160 138 123 104  99 
139 158 148 132 124 117 106 115 
143 140 122 117 123 114 100 112 
142 130 119 129 135 126 105 104 
146 126 109 105 103 110 110 105 
146 139 138 129 113 117 111  89 
215 135 127 164 153 154 159 132 
117 147 169 154 127 140 134  94 
159 171 166 161 154 141 127 126 
157 168 155 129 106 111 132 154 
155 121 108 118 121 140 147 132 
137 127 148 171 144 135 145 146 
125 151 152 133 139 158 132  85 
140 160 149 151 169 147 105 103 
112 174 198 191 141 121 118 159 
147 161 164 193 170 155 126 141 
148 162 163 120  96 110 153 171 
129 137 165 108 119 116 143  97 
175 138 130 108 119 116 126  95 
124 136 127 146 111 128 107 105 
 98 117 105 126 117 136 103  94 
118 106 111 120 142 100  89 107 
133 127 139 165 158 130 114 125 
135 146 138 115  92  97 112 125 
120 132 128 114 111 122 119 105 
136 113  95 100 111 112 105 104 
161 136 119 123 120 105 105 121 
110 108 110 121 125 119 107 102 
108 109 106 110 120 135 142 141 
106 116 124 121 105 105 128 156 
112  89  73  71  83 115  49  37 
101  79  51  52  55  86  47  33 
 91  79  43  51  42  66  57  37 
 86  92  53  72  52  62  70  44 
 68  89  50  66  45  46  63  43 
 94 122  78  84  69  70  83  83 
 74 108  65  59  57  60  63  83 
 61 101  63  53  58  61  50  82 
 39  45  55  54 110  50  51  59 
 43  42  46  52  85  35  43  59 
 62  55  52  75  70  33  44  68 
 68  61  59 102  67  47  59  86 
 61  56  51 104  54  51  63  93 
 64  62  45  88  37  39  49  77 
 68  76  58  91  46  45  42  61 
 49  69  61  98  67  64  51  61 
 94  61  51  86  51  53  60  52 
 63  45  50  72  47  47  68  55 
 65  48  49  58  45  46  67  46 
 66  58  58  79  62  69  93  96 
 54  59  63  99  61  59  82 115 
 67  50  42  84  70  58  65  84 
 77  45  37  58  99  89 117 119 
 76  54  64  41  89  67 136 151 
 57  42  48  87  61  51  65  68 
 58  43  44  82  54  40  43  38 
 61  49  45  82  60  52  54  50 
 77  70  58  81  55  44  44  44 
 79  86  77  97  69  57  54  59 
 54  77  77 102  83  73  68  74 
 59  81  71  88  68  58  43  46 
 72  90  71  83  72  68  59  63 
205 237 227 120 159 251 241 227 
 96 188 223 216 111  89 190 246 
 63 105 236 225 238 148  52 135 
 54  55  69 205 226 224 183  82 
140  98  70  69 191 215 195 196 
125 172 150  92  53 183 242 204 
159 158 190 190  94  47 157 188 
 76 158 149 177 217 152 105 191 
114  86 220 160 199 214 195 203 
 98 192 162 247 171 228 226 212 
 88 189 123 121 224 252 198 226 
 48 173 255 187 115 198 253 197 
 66  44 162 247 249 251 181 234 
164 125  39 103 245 249 255 181 
 66 158 175 110 115 184 252 250 
 80  83 173  89  57  50  99 240 
244 255 255 255 255 250 255 255 
242 255 255 255 255 255 255 255 
246 247 248 233 250 255 255 255 
211 253 255 255 231 199 236 234 
247 201 170 255 255 255 255 255 
201 255 246 232 158 178 255 255 
183 119 253 255 250 218 122 167 
246 212 132 255 255 255 255 215 
 27  60  59  92  82  63  35 114 
 34   3  54  76 103  67  69  42 
 57  44  47  46  76  95 103  77 
 33  61  47  48  60 112 121  99 
 66  52  69  82  71  96 143 102 
 80  79  54  86  63  59  94 134 
 44 107  49  79  73  47  25  93 
 67 103  76  54 100  63  62  40 
163 160 165 170 187 190 219 201 
252 225 156 170 197 170 193 193 
209 255 246 189 174 206 190 188 
189 160 233 255 210 181 218 199 
205 153 124 220 255 199 186 200 
148 181 180  93 217 251 196 182 
 92 139 176 193  83 246 221 195 
 50  93 126 173 167 107 255 202 
255 255 255 255 255 245 224 240 
255 255 255 255 255 255 255 255 
255 255 255 255 255 255 255 255 
238 251 236 228 247 250 238 248 
253 255 236 187 189 194 185 184 
238 223 240 242 208 184 186 179 
194 189 237 255 255 220 196 173 
 99 167 206 222 255 255 239 188 
244 235 217 207 205 212 211 208 
255 255 240 224 215 218 215 212 
255 255 255 238 231 232 230 229 
244 242 233 222 220 223 225 225 
188 192 199 200 210 218 229 229 
167 174 188 195 211 222 230 228 
179 184 197 205 227 237 245 241 
190 191 199 206 228 238 245 239 
229 213 131 115 152 238 255 255 
179 220 216 171 174 118 184 255 
210 207 182 217 236 229 196 125 
143 255 148 131 173 177 206 205 
156  95 167 113  79 124 141 166 
177  85  67  90  70  65  87  97 
206 165  60  73  77  83  47  81 
239 168 103  65  56  63  88  90 
176 190 206 213 212 206 192 183 
186 197 210 214 211 205 192 183 
197 208 216 217 213 207 197 188 
179 187 191 190 186 181 174 167 
124 131 136 135 132 131 127 122 
 87  92  98  97  96  96  95  92 
101 107 113 112 113 115 116 113 
132 138 143 142 144 145 147 145 
208 211 214 221 231 238 239 236 
211 213 217 225 237 249 254 255 
224 225 228 237 245 255 255 255 
222 224 227 231 231 227 226 227 
215 219 226 228 218 198 184 181 
208 213 222 224 208 179 160 157 
211 215 225 226 207 179 164 164 
208 209 218 217 199 174 165 169 
242 242 244 244 249 250 250 250 
255 255 255 255 255 255 255 255 
255 255 255 255 255 255 255 255 
247 248 249 250 247 242 236 232 
184 189 192 196 192 187 175 170 
172 180 190 198 197 193 181 175 
170 179 190 202 199 195 180 173 
180 191 203 214 211 204 187 179 
205 204 205 204 193 174 164 164 
203 203 204 202 191 179 177 182 
201 203 202 199 186 178 178 183 
209 213 211 206 195 182 168 158 
199 201 197 193 179 161 126  96 
196 198 194 189 181 163 120  79 
185 190 182 179 175 169 135  97 
178 184 178 173 175 181 160 131 
119 113 110 104 107 112 114 134 
112 120 119 119 112 114 120 115 
112 124 115 123 119 128 143 101 
116 123 100 115 123 147 172 105 
 99 111  92 104 106 130 159  99 
 96 116 115 117 104 113 136 108 
109 123 131 128 121 123 129 131 
124 121 125 124 133 139 132 150 
131 130 136 154 163 152 139 150 
132 137 144 155 156 146 146 169 
112 133 155 164 154 134 135 159 
 98 126 156 167 158 140 143 168 
124 139 151 151 147 134 143 167 
132 142 152 156 160 151 151 164 
116 133 156 176 202 200 203 209 
170 179 190 198 217 213 214 217 
146 143 156 160 150 137 154 186 
146 143 155 163 137 134 143 164 
166 162 170 184 147 163 166 173 
167 163 167 184 136 166 171 170 
166 164 174 190 141 168 167 161 
168 171 185 197 160 177 175 176 
169 167 175 171 146 150 159 175 
199 187 179 152 131 125 143 172 
 98 103 118 124 140 138 154 156 
 88  89  99 104 120 119 132 130 
107 107 113 115 140 141 157 153 
100 104 113 112 135 136 157 155 
 76  88 101  97 116 118 148 151 
 81  97 114 107 121 121 153 156 
 80  98 114 107 128 131 161 162 
 83  99 116 112 139 143 174 170 
154 122 179 138 155 175 135 151 
152 151 211 148 171 160 150 151 
142 175 188 142 162 152 167 156 
133 168 126 130 139 155 161 152 
164 171 107 129 135 139 155 152 
168 137 128 125 148 121 150 153 
186 122 141 123 140 124 152 161 
200 118 135 122 119 142 145 159 
239 246 255 255 255 255 168 192 
233 245 251 255 255 255 172 182 
238 245 229 255 255 221 193 195 
235 239 255 255 255 193 208 202 
234 241 255 255 242 193 210 199 
250 255 255 255 209 224 203 196 
251 255 249 243 191 222 210 200 
227 255 255 255 224 216 211 188 
219 229 200 178 201 214 186 214 
245 201 199 192 171 185 255 201 
224 215 199 208 175 202 225 171 
201 223 206 184 202 210 146 162 
213 188 233 177 227 184 152 153 
213 196 212 201 217 163 167 148 
194 204 202 227 193 182 136 132 
202 170 222 213 165 186 144 136 
220 255 251 196 206 203 200 202 
231 255 238 202 205 199 198 194 
231 255 215 207 207 198 194 181 
243 255 199 215 206 193 193 170 
237 246 195 221 212 198 188 158 
243 234 202 220 208 195 185 151 
236 215 220 219 211 198 178 141 
238 210 231 216 208 196 174 138 
101 117 139 153 159 147 148 187 
 61 143 157 180 158 166 150 141 
 53 167 166 193 147 168 153 120 
 58 145 181 193 166 163 157 136 
 62 114 203 187 189 157 146 126 
 57  98 210 177 193 170 153 125 
 67 113 172 179 169 171 153 131 
 64 118 141 212 173 184 156 145 
116 118 110 109  84  86 112  99 
152 132 101  89  63  72 105  98 
117 114 114 117  96  86 108  98 
110 104 104 112  96  87 108 101 
110  90  87  89  93  98 121 112 
 95  92  97  88  82  97 149 160 
 80  85 102  79  83 108 168 187 
 73  76  96  92 109 116 118  82 
120 120  97 131  86  76  57  64 
108 133  86 160 128  81  88  81 
 90 118  97  67  36  73  64  79 
113 130  70  78  64  57  73  81 
133 108  35  55  69  65  78  72 
151 109  87  53  46  74  62  65 
147 118  85 123 102  53  88  74 
128  72  67  67  73 103 111  80 
 62  76  88  89 130 125  88  97 
 69  43  95  86 132  93 101  95 
 64  33  89 112 113  93 101  99 
 63  58  94 110  94  93  96  94 
 51  75 118  70 116  93 105  87 
 38  86  97  53 109 101  98  91 
 40  76  62  62 105 110  87  96 
 59  50  57  54 125  95  93  95 
144 124 115 153 134 105 121 118 
136 141 136 152 118 104 118 105 
136 146 146 164 131 126 128 109 
159 143 136 159 138 135 137 129 
195 174 173 163 144 143 155 150 
169 184 222 172 151 144 163 143 
141 164 235 165 159 139 170 147 
166 154 213 134 142 115 165 161 
128 134 145 141 113 125 116  97 
159 150 122 138 113 140  96  73 
152 158 140 150 126 129  96  95 
153 139 140 138 172 142 113  93 
151 142 144 138 167 129 104  91 
142 156 147 155 122 114  91 106 
166 161 138 160 134 151 123 116 
161 162 170 171 141 138 134 123 
111 112 128 132 157 155 137 135 
122 126 114 117 132 156 142 142 
116 127 111 123 131 161 138 132 
116 125 119 134 147 151 136 130 
143 138 144 151 178 142 145 148 
144 140 158 170 202 137 146 146 
148 155 167 189 210 148 143 135 
153 162 151 174 184 147 141 134 
184 133 190 160 158 166 156 133 
214 215 191 153 150 149 153 144 
174 255 185 181 186 163 159 141 
161 245 155 173 175 169 172 167 
180 199 128 148 129 144 142 146 
201 162 152 165 137 146 123 119 
217 147 153 138 121 128 117 116 
208 141 158 126 127 123 120 115 
 76  81  75  66 112  93 108 101 
 71  74  74  72 109  94 110  97 
 65  62  70  78  96  83  94  75 
 60  53  64  84  93  86  94  70 
 60  52  57  85  78  76  70  47 
 60  52  46  78  78  80  65  47 
 67  61  47  81  75  80  45  34 
 69  65  40  74  77  81  40  36 
 73  88  90 104 113 107  61  81 
 82  89  94 102 101  97  64  83 
 50  65  98 121 120 109  79  81 
 64  59  85  98  94  89  73  72 
 38  24  43  52  58  54  56  52 
 40  32  55  62  82  69  62  57 
 59  49  49  34  52  33  41  50 
 18  27  44  40  69  44  45  57 
 74  97  82  74  49  40  28  41 
 80  87  85  69  53  50  32  28 
 94  90 124  89  70  72  51  39 
 92  89 149  97  68  71  58  50 
 81  75 143  92  64  68  56  48 
 89  83 126  95  79  82  61  46 
 83  92 117 108  97  94  69  58 
 69  97 113 117  98  86  62  63 
 47  43  39  72  89  75  66  45 
 30  43  47  58  48  26  45  58 
 69  69  54  56  49  31  63  79 
 74  60  32  38  59  44  69  77 
 65  64  44  46  61  32  66  84 
 65  71  56  54  71  30  61  83 
 84  81  55  47  68  22  54  73 
 94  95  69  52  68  18  59  89 
 59  47 106 110 112 107 107  74 
 56  62  72 120 127 140 133 112 
 39  60  48 101 123 125 135 143 
 54  57  54  61 116  99 115 141 
 69  50  58  35  91  95  88 124 
 48  52  76  53  52  94  76 126 
 27  45  86  68  46  94  97 111 
 41  36  72  54  75 111 128  69 
 81  63 101  64  66 117  84  73 
 94  76  82  72  54  94 134 116 
 74  81  81 117  78  70 149 112 
 96 107  82 114  74  49 147 141 
 62  87  80 101  80  46 101 125 
 72  80  73  64  60  50  75 120 
 72  76  97  97  99  99  92 103 
 74  55  70  70  70 100 118 112 
 45  66 170 180 155 133  79  67 
103  69 102 158 161 176 193 113 
 34  69  31  73 184 212 206 172 
105  93  88  69  88 163 221 212 
136 108 140 126  61 100 190 197 
115 159 120 121 137 108 169 255 
 87 136 142 145 139 106 120 155 
107 125 177 111  56  84  78  82 
 85 103 118 151 117  82  77  81 
 88  96  89 119 117  89  89  83 
 95 104  79  95 118  92 102  93 
 85 111  94  91 118  85 101  99 
 70 102 101  86 108  82  80  78 
 71  91 106  88 106 108  80  70 
 70  74 105  81  81 117  71  67 
 68  67 109  79  58 113  66  74 
 70  80  64  72  76  94 100 114 
 70  74  68  60  74  76  92 102 
 70  70  73  55  74  61  86  96 
 63  70  74  64  75  64  84  99 
 59  73  69  77  69  70  73  94 
 58  71  62  77  64  69  67  92 
 66  70  64  70  67  65  74  96 
 72  68  69  62  79  67  90 110 
199 203 120  84  71  89 102 126 
 74 184 152  88  78 125  66  62 
116 100 152 108  96  87  89  75 
152 105 126 100 136  78  69  77 
246 185 118 139 114  82  62  85 
165 128 110 149  97  83  92  70 
164 206 174  78  78  80  79  64 
187 179 175 135  80  87  64  74 
 71  96  94 148 185 156 181 255 
115  71  64 102 154 187 109 253 
 73 104  84  89  92 120 196 136 
 71  91  81  66 108 113 178 132 
 98  77  86  79  43  83 144 231 
 77  71  65 101  73  87 155 125 
 87  87  73  53  84  66  82 146 
 78  76  67  91  77 114  81 117 
117 168 175 144  96  87  67  80 
 82 146 149 140  85 102  93  79 
103 106 165 149 148  80 111  78 
121  91 138 160 116  70  71  75 
168 137 163 150  75  76  48  72 
166 139 165 146 102  78  45  82 
 83 105  77 139  90  79  30  87 
108 159 104 108 108  64  49  62 
221 226 238 236 241 245 237 235 
217 223 235 235 241 245 237 235 
225 233 244 246 249 252 242 241 
240 248 255 255 255 255 255 253 
255 255 255 255 255 255 255 255 
255 255 255 255 255 255 255 255 
255 255 255 255 255 255 255 255 
255 255 255 255 255 255 255 255 
172 180 169 167 177 179 176 168 
187 172 179 162 169 182 190 179 
215 173 176 167 179 189 201 193 
215 194 161 178 196 200 202 199 
163 224 169 189 200 212 211 201 
 98 214 193 188 186 214 220 199 
 91 161 210 195 190 216 224 200 
124 105 205 201 208 215 218 202 
182 186 178 181 168 168 155 156 
211 214 207 210 196 196 183 183 
239 244 232 235 214 213 199 199 
244 249 239 243 223 223 209 209 
249 255 243 249 226 226 216 216 
252 255 244 250 229 230 220 221 
252 255 242 247 223 225 213 214 
255 255 241 244 221 222 209 210 
116  89 207 207 202 208 213 203 
109  79 157 213 215 219 215 204 
 94  83 110 223 213 202 190 187 
 57  87  88 230 213 199 204 217 
 54  92  67 199 219 214 210 210 
 58 130 142 202 220 199 227 255 
 61  67  78 109 230 231 235 240 
 65  60  99  92 232 223 237 255 
130 125 134 130 130 140 151 176 
128 130 136 127 123 135 151 174 
129 139 142 126 121 136 155 170 
132 146 140 128 125 143 161 161 
135 148 135 131 138 155 170 155 
134 145 128 133 148 162 178 156 
137 147 127 140 159 170 192 174 
140 152 131 147 165 172 202 189 
102 110 115 115 144 145 187 188 
105 115 120 120 147 148 191 192 
110 120 126 124 151 153 196 196 
107 120 126 122 149 151 195 195 
107 123 133 126 152 155 200 199 
106 124 134 127 152 158 203 202 
107 128 141 132 158 164 210 209 
104 126 140 130 157 164 210 209 
126 134 122 131 138 163 121 156 
137 142 128 137 142 166 127 158 
136 141 128 138 137 156 132 158 
130 137 130 135 132 144 138 162 
136 145 141 143 135 140 153 176 
134 142 139 140 129 128 155 174 
131 135 132 135 132 132 167 179 
139 138 134 142 148 151 191 196 
110 129 142 139 170 174 219 216 
112 129 142 140 170 173 217 216 
120 135 150 146 177 179 224 224 
123 136 150 147 177 178 223 224 
129 140 153 151 182 181 228 230 
130 139 151 151 182 179 228 233 
134 142 154 155 185 181 229 235 
134 141 153 155 185 181 230 237 
135 112 139 136 125 150 105  72 
150 134 148 142 121 178  91  61 
168 167 190 186 147 182  70  76 
158 154 187 197 189 148  59  78 
167 149 166 171 225 122  79  60 
164 162 170 152 212  98  97  58 
136 144 152 147 164  76  80  67 
143 131 130 167 156  95  56  68 
249 232 251 233 212 185 176 150 
228 197 219 208 222 207 174 179 
218 195 217 184 182 171 153 218 
208 183 203 191 191 170 137 147 
205 189 200 203 178 157 143  84 
203 199 204 200 155 147 169  92 
208 197 204 201 188 186 161  69 
227 222 235 198 181 177 140  96 
163 129 142 147 114 114  98  95 
153 127 135 135 108 108  98 101 
193 178 176 167 138 128 114 115 
139 139 144 143 131 126 120 115 
138 137 142 139 133 132 141 119 
160 144 139 129 117 115 134  87 
134 108 114 110 104 108 142  69 
141 108 119 122 111 108 136  40 
249 222 227 238 195 187 113  87 
198 199 198 204 188 239 156 120 
181 208 191 178 125 180  65  51 
179 202 189 193 135 167  40  67 
207 203 175 186 147 152  22  51 
201 201 175 166 143 125  37  54 
246 242 229 198 181 110  58  56 
231 207 206 205 228 137 103  85 
  4  13  36  65  67  71  90 126 
  4  10  29  56  63  70  79 100 
  0   3  15  39  56  67  63  67 
  0   6  14  33  52  70  63  58 
  0   0   7  21  43  65  67  64 
  0   0   4  19  37  59  67  73 
  0   0   1  18  36  54  67  79 
  0   0   0  20  38  53  65  77 
 56  17  12  14  60  52  76  82 
 46  12  12  15  59  51  76  82 
 24   0   3   6  40  31  54  60 
  7   0   5   8  38  30  54  60 
  0   0   0   0  14   8  23  28 
  0   0   1   0  13   9  24  25 
  0   0   0   0   0   0   0   0 
  0   0   0   0   0   0   0   0 
  0  37  74 133 149 155 136 151 
  0  34  59 101 157 134 147 157 
  4  30  56  82 145 140 141 160 
  4  14  53  83 104 157 129 149 
  0   7  36  75  64 125 142 129 
  1  16  24  63  64  77 174 140 
  1  12  19  51  58  53 135 160 
  0   0  22  49  44  66  68 177 
 10   4   0   0   0   0   0   0 
  8   3   0   0   0   0   0   0 
 10   5   3   0   0   0   0   0 
  7   3   2   0   0   0   0   0 
  1   0   1   0   0   0   0   0 
  0   0   1   0   0   0   0   0 
  0   0   0   0   0   0   0   0 
  0   0   0   0   0   0   0   0 
162 224 140 148 138 141 116 110 
196 252 157 155 136 135 114 111 
144 227 172 203 195 185 143 128 
144 206 123 137 129 141 134 143 
147 213 137 156 145 144 117 118 
150 208 127 148 144 147 127 133 
149 201 120 140 135 136 111 113 
151 201 119 140 136 139 111 111 
166 176 181 169 153 154 131 128 
166 172 182 179 163 155 119 108 
174 167 169 171 165 159 133 129 
206 190 181 174 159 147 124 127 
190 179 178 172 159 143 124 128 
189 182 179 169 156 144 126 128 
204 196 188 166 151 136 113 100 
185 189 195 187 181 165 128  99 
105 140 183 117 138 138 107 134 
109 144 174 118 140 138 106 130 
 93 132 146 107 141 135 110 129 
 93 142 128 106 139 131 106 118 
 79 146 114 106 145 136 121 124 
 70 164 108 110 141 133 121 116 
 55 171 109 114 142 136 134 121 
 43 175 105 110 133 129 130 113 
131 160 168 145 149 151 144 147 
166 138 164 157 151 122 105 110 
181 127 154 162 154 121 106 103 
153 142 137 150 149 142 133 119 
139 187 140 161 162 159 142 134 
129 189 147 171 180 160 135 143 
148 179 182 177 195 181 154 164 
155 154 207 156 182 189 166 164 
119 181  76  84  66  69  61  55 
153 209  93  91  64  63  59  56 
108 191 115 146 131 121  95  80 
108 170  66  80  65  77  86  95 
122 188  91 110  92  91  81  82 
125 183  81 102  91  94  91  97 
134 186  80 100  92  93  89  91 
136 186  79 100  93  96  89  89 
 58  76  73  87 112  53  50  96 
 67  72  64  85 129  75  60  87 
 74  67  52  70 117  69  53  68 
 79  70  56  59  97  48  49  67 
 84  74  63  57  91  41  50  59 
 83  64  59  54  99  51  54  43 
 82  61  60  55 105  58  60  41 
 83  65  67  53  98  49  63  46 
 79  63  59  53  99 110  67  71 
 63  61  70  64  85  93  64  76 
104  84  80  63  65  83  70  87 
 92  65  70  81  94 122  90  80 
101  70  68  89 100 135  89  71 
120  91  69  73  73 108  68  70 
 97  95  83  97  97 125  68  79 
106 104  81  89  91 121  62  82 
 71  82  70  60 113  69  61  73 
 64  78  73  68 120  72  62  69 
 89  92  79  68 115  72  67  74 
105 103  90  78 122  82  82  87 
 96  98  96  98 138  98  90  84 
 96  92  90  93 129  92  89  79 
104  90  76  73  99  66  68  60 
 97  86  78  80 106  70  70  56 
 61  66  91  78  68  98  88  67 
 62  61  91  83  74 107 105  77 
 87  78 113 105  86 114 124  82 
 80  70 108  96  69  88 111  61 
 65  61 105  93  66  79 116  67 
 68  72 109  91  75  80 123  77 
 64  71  92  71  70  66 107  62 
 65  72  85  63  76  71 108  63 
 77  74  96  84  74  88 123  86 
 68  62  91  73  68  77 111  79 
 69  62  97  73  75  72 110  86 
 70  60  99  72  77  70 103  92 
 70  57  95  70  72  68  91  97 
 71  57  86  71  68  71  80 101 
 71  57  74  70  58  74  68 103 
 71  56  67  70  52  77  61 104 
 54  75  85  50  68  60  89  61 
 43  69  67  47  59  54  89  59 
 54  86  64  61  60  55  96  58 
 53  86  52  65  53  51  97  52 
 67  93  63  84  72  73 124  77 
 87  98  83  95  87  88 136  86 
 92  87  88  85  83  81 121  71 
 85  69  86  73  80  78 115  67 
 52  64  55  42  62  60  55 100 
 53  66  59  44  56  51  46  93 
 37  55  60  55  69  72  76 125 
 62  71  74  66  71  70  69 108 
 81  79  76  64  64  60  52  78 
 71  64  64  60  63  65  62  84 
 85  77  81  75  71  72  72  94 
 73  68  77  72  68  71  76 102 
147 183 142 114  73  43   0   0 
136 171 138 107  70  33   0   0 
122 154 138 101  69  22   0   0 
116 145 141 101  69  15   0   0 
 97 122 127  90  60   5   0   0 
 93 117 119  91  51   4   0   0 
 77  97  97  81  35   1   0   0 
 68  86  83  74  22   0   0   0 
 64  37  72  74  89  79  84  94 
 54  57  77  72  81  75  78  78 
 32  74  74  69  75  77  75  65 
 13  75  61  68  76  79  77  63 
  4  62  52  68  82  81  82  73 
  9  50  60  70  82  77  82  77 
  6  38  76  64  75  74  87  84 
  4  33  93  63  67  72  93  88 
 46 101 117  76   3   0   0   0 
100 122 104  60   3   0   0   0 
 66  73  52  18   0   0   0   0 
 49  62  49  20   0   0   0   0 
 40  56  51  23   0   0   0   0 
 35  42  31   8   0   0   0   0 
 59  57  35   9   0   0   0   0 
 47  48  33   7   0   0   0   0 
  7  20  77  57  84  84  85  80 
  0  12  84  66  80  67  85  86 
  0   0  71  70  76  55  84  82 
  3   0  46  80  74  64  80  74 
  0   0  22  85  62  65  73  73 
  0   0  19  86  61  61  73  85 
  0   0  14  63  73  58  83  91 
  0   0   7  41  91  65  96  88 
114 110 129 131 234 251 255 255 
111 113 132 134 224 244 252 255 
116 109 117 124 208 241 253 255 
127 101  95 121 203 245 253 255 
111  89  93 141 208 246 243 255 
 92  96 115 169 208 247 234 255 
 96 106 114 150 186 255 250 253 
123 123  98 114 160 255 255 255 
255 255 255 255 255 255 255 255 
255 255 255 255 255 255 255 255 
255 255 255 255 255 255 255 255 
255 255 255 255 255 255 255 255 
255 255 255 255 255 255 255 255 
255 255 255 255 255 255 255 255 
253 252 253 255 255 255 255 254 
255 255 255 255 255 255 255 255 
 64 119  79 129 156 255 255 255 
 70 109  76 132 148 248 246 255 
 58  96  84 130 139 213 195 201 
 76  88  85 128 137 190 165 172 
 68  71 110 170 179 196 170 186 
 59  92 154 171 167 195 176 169 
 85 103 149 130 130 176 177 168 
 81  53 117 159 180 180 159 167 
255 255 255 255 255 255 255 255 
250 253 255 255 255 252 255 255 
198 205 211 211 207 202 203 206 
174 181 188 190 188 183 182 181 
188 192 199 206 211 210 206 203 
183 186 195 204 213 216 214 211 
184 188 196 203 208 212 213 213 
180 187 195 198 196 195 199 203 
100 115 128 127 124 127 135 140 
105 119 131 128 126 127 135 140 
111 124 132 128 124 125 135 139 
115 126 132 128 122 124 132 137 
117 126 131 127 121 122 130 134 
115 125 131 127 122 124 130 131 
116 126 131 128 125 126 128 130 
116 126 132 131 127 130 131 131 
160 159 217 204 238 231 255 252 
159 159 203 198 242 245 255 255 
151 162 191 191 236 248 251 255 
146 168 190 191 229 242 241 255 
146 166 187 193 237 255 253 255 
152 155 183 193 254 255 255 255 
150 147 192 193 250 255 255 255 
144 146 209 198 234 226 253 248 
114 124 133 135 129 125 128 131 
114 123 132 134 126 123 126 130 
115 124 131 132 122 120 123 128 
116 124 129 131 121 119 123 129 
116 125 131 132 121 120 125 130 
114 123 129 133 122 121 126 131 
109 120 128 132 123 121 124 128 
106 116 127 131 123 121 123 127 
145 151 198 171 245 212 255 250 
147 149 192 172 244 206 255 240 
149 145 182 171 249 216 255 255 
147 141 182 184 255 230 255 255 
138 140 184 196 255 223 250 238 
142 146 178 181 240 210 242 234 
140 146 171 167 222 208 249 248 
127 144 178 177 227 212 243 234 
255 244 212 207 215 147 140 138 
255 255 207 203 157 113  96 105 
247 255 209 224 135 129 102 116 
255 255 220 222 116 123  93  96 
255 255 226 200 128 137 119 112 
255 255 249 192 144 122  96  75 
252 255 255 205 185 154 129 122 
235 240 239 160 137 111  99 114 
149 123  74 141  36  23   0   0 
118 125 120 132  24  19   0   0 
 86 100 142 100  15  14   0   0 
 93  82 138  71  20  15   0   0 
 97  88 129  47  20  16   0   0 
 77 100 112  35  11  17   0   0 
 74 107  66  23   4   8   0   0 
121 129  39  32  14   0   0   0 
232 227 181 174 132 118  79  69 
233 243 177 174 130 112  77  71 
203 235 148 155 121  98  63  65 
244 255 177 183 146 116  86  90 
211 237 137 143 115 100  97 100 
199 189 117 120  95 101 126 121 
207 161 123 114  75  77 106  72 
190 129 129 121  81  81 106  52 
159 165 167 140 171 138 159 144 
161 163 161 141 170 132 149 134 
154 150 144 133 170 137 165 159 
152 146 144 146 183 151 169 166 
136 138 138 150 182 142 149 137 
140 144 132 135 159 129 141 133 
134 140 123 119 140 126 149 148 
121 138 130 129 145 130 143 134 
  0   0   2  13  36  50  69  91 
  0   0   4  15  34  45  59  79 
  0   1   5  16  33  41  53  70 
  0   0   3  15  34  42  53  69 
  0   0   2  13  34  43  54  69 
  0   0   1  10  31  40  51  66 
  0   0   0   3  24  36  48  64 
  0   0   0   0  20  34  49  67 
  0   0   0   9   0   0  12   0 
  0   0   0   1   0   3   5   2 
  0   0   0   0   0   3   0   0 
 52   9   0   0   0   2   0   0 
138  42   0   0   0   1   6   0 
191  85   0   0   0   0   4   0 
195 134   0   0   0   0   0   0 
185 175   1   0   1   5   0   4 
  0   0   0   0  16  41  52  71 
  0   0   0   0  13  37  47  67 
  0   0   1   0   8  29  39  61 
  0   0   3   0   6  25  37  60 
  0   0   2   0   7  27  37  59 
  0   0   0   0   7  27  34  55 
  0   0   0   0   6  24  30  47 
  0   0   0   0   4  23  26  41 
  0   0   0   0   0   0   0   0 
  0   0   0   0   0   0   0   0 
  0   0   0   0   0   0   0   0 
  0   0   0   0   0   0   0   0 
  0   0   0   0   0   0   0   0 
  0   0   0   0   0   0   0   0 
  0   0   0   0   0   0   0   0 
  0   0   0   0   0   0   0   0 
105 130  76  75  96 116 122 115 
111 102  69  98 104 104 114 109 
 98 113  61  59  97 105 105 115 
120  92  66  64  65  92 118  89 
105  80  44  57  98  83  81 105 
204 131 114 113 105  96 111  92 
173 129  99  79 108 119 132 134 
145  67  56  65  80  69  86  88 
161 152 160 146 136 241 121 157 
155 161 156 156 136 195 145 166 
138 163 150 151 132 150 176 150 
132 162 155 144 137 138 195 134 
126 137 153 143 141 130 181 158 
129 123 147 151 146 120 148 202 
114 127 142 155 156 133 121 203 
 98 142 135 145 157 150 103 165 
157  54  73  72  72  69  85  93 
147  50  66  56  63  77  97  93 
144  45  56  49  55  73  95  92 
136  36  53  57  61  69  90  94 
118  40  64  59  56  68  85  78 
103  47  78  59  53  80  96  72 
114  44  68  59  51  69  82  67 
141  37  54  70  62  53  66  76 
128 137 202 164 188 181 180 160 
143 144 145 213 155 207 167 172 
136 141 162 226 164 183 177 181 
143 135 170 182 224 193 205 156 
123 140 166 169 240 198 196 176 
112 143 173 163 223 160 157 196 
130 124 147 137 208 172 140 152 
115 127 144 161 178 209 145 145 
105  86 102  84  91 122  96  81 
107  93 101  88  88 122  94  80 
 99  91  90  90  82 124  98  87 
 92  92  83  92  78 126 102  93 
 93  97  84  97  83 127 115 104 
104 107  95 100  92 125 122 107 
113 116 103 102  99 120 128 106 
110 111 102  96 101 118 133 109 
 96 117 107 121 158 140  72  67 
100 116 102 113 146 133  67  64 
115 123 110 114 144 143  81  81 
121 123 107 108 128 139  77  80 
134 129 123 123 136 160  95  99 
132 125 123 127 130 165  95  98 
124 116 120 127 128 169  92  95 
117 110 119 127 126 171  90  91 
110 114 107 105 106 106 134  95 
123 126 118 113 110 108 136  96 
107 116 111 116 120 129 160 125 
114 120 112 113 114 118 148 111 
119 123 111 107 103 105 133  94 
107 112 102 102 103 108 140 104 
114 118 106 101 100 101 132  95 
114 118 105 100 100 101 134  96 
109 107 101  92 145  92  81  84 
 96 100 106 107 158  95  79  81 
 97  95  99 101 150  85  74  82 
103  95  94  99 151  85  72  81 
100  95  99 110 171 104  80  78 
108 105 104 105 168 109  92  89 
131 131 129 114 168 119 116 116 
135 147 150 129 175 120 114 112 
 75  68  67  66  64  63  65  95 
 76  69  67  67  67  67  69  96 
 96  86  79  77  73  71  65  91 
 91  82  78  79  80  82  79 106 
107  98  91  89  82  81  73  99 
106 100  96  94  87  86  81 110 
106 106 111 115 111 116 120 155 
131 128 124 115  97  89  84 116 
 87  87  87  93  82  83 108 119 
105 100  95  99  85  84 103 108 
 98  91  75  76  61  59  70  69 
 93  90  77  77  61  60  72  70 
 90  93  84  82  59  57  72  72 
 84  91  84  80  54  53  66  66 
 94  99  89  85  62  62  72  68 
 87  90  77  76  58  60  66  57 
107 107  97  92  90  99 101  98 
 99 100  91  87  85  93  94  91 
 85  86  80  79  78  83  87  84 
 83  84  79  80  79  81  84  83 
 86  87  81  83  80  81  83  85 
 87  84  79  81  76  77  82  89 
 97  94  84  87  79  80  83  94 
101  96  86  87  79  81  87  98 
 84  88  77  82  68  69 117  62 
 85  88  78  82  69  69 114  63 
 86  89  82  83  74  71 113  71 
 87  87  83  82  75  70 105  73 
 90  88  84  80  76  69  95  74 
 98  94  92  85  83  75  93  84 
 98  92  89  79  78  69  81  78 
 97  91  87  78  78  68  76  78 
  0  10  12  31  79  55  32  25 
  7   6  14  16  66  48  27  25 
 10   1  23  13  56  53  24  26 
  4   0  24  23  44  66  19  23 
  0   3  14  28  27  76  21  27 
  6  16  11  29  19  77  38  38 
  4  15  15  21  26  65  56  36 
  0   6  17  11  33  48  57  18 
 41  17   0   0  21  17  39  39 
 48   8   0   0  32  12  39  39 
 47   3   0   0  26  14  32  41 
 37  10   5   0  11  25  31  43 
 36  29  60   0   9  19  35  31 
 42  52 137   0  24   8  46  24 
 36  76 180  18  23   5  35  21 
 24  91 188  56  10  19  22  31 
  0   0  24  24  22  30  66  21 
  0   2  20  21  25  29  58  29 
  0   2  11  13  23  23  47  46 
  0   0   5   8  19  15  32  61 
  0   0   3   8  15  12  24  74 
  0   0   3  12  12  14  18  69 
  0   0   0  11   6  18  10  49 
  0   0   0   7   1  20   3  29 
 35  37  22   0   0   3  17  19 
 29  33  20   0   0   1  16  20 
 28  28  11   0   0   0   9  14 
 36  27   3   0   0   0   9  13 
 48  27   0   0   0   0   4   6 
 51  24   0   0   0   0   3   6 
 44  19   0   0   0   0   0   5 
 34  14   0   0   0   0   0   7 
180 184 193 200 200 197 188 192 
185 187 195 200 197 190 178 179 
162 164 171 174 169 161 145 145 
114 114 121 126 123 118 104 105 
 93  91  95 100  98  95  82  84 
105 102 104 109 106 104  88  89 
122 120 120 127 122 116  96  93 
122 121 124 132 127 120  96  91 
 54  42  75  49  91 169 204 160 
 42  49  45  53 141 153 139 147 
 25  56  59  62 100 103 134 154 
 52  56  43  52  64  90 151 143 
 42  42  17  39  54  63 111 130 
 31  28  34  54  34  75 135 137 
 56  18  21  39  30 108 137  93 
 49  36  22  43  61  82  57  85 
 31  38  59  59  51  59  85  40 
 35  40  55  56  54  58  77  48 
 38  45  49  51  53  53  66  65 
 32  42  43  46  49  45  51  80 
 26  38  42  47  47  44  44  94 
 29  36  42  51  44  46  38  89 
 33  31  36  49  40  52  32  71 
 37  25  30  45  35  54  25  51 
 38  31  60 118 155 133 145 138 
 38  25  42 114 178 136 166 139 
 34  34  31 131 178 142 155 117 
 33  54  35 145 143 150 115  83 
 47  59  54 123 126 176 120  87 
 50  35  51  61 117 173 149 105 
 43  30  48  37 106 146 167 126 
 33  45  49  52  89 115 157 131 
