164 172 193 142 127 124 138 170 
170 130 117 129 158 146 116 112 
143 128  85  98 144 158  94  15 
131 126  36  20  74 155 142  64 
149 107  12  19  71 140 165 148 
151 123  79  89 110 127 148 168 
151 147 140 117 124 138 159 187 
170 149 158 140 163 162 148 156 
145 134 159 137 137 145 157 144 
161 157 149 145 145 130 109 142 
 38  89 119 104  49  61 100 184 
  0  14  96 115  32  26  57  78 
101  67 133 151  91  67 144 217 
175 151 171 171 178 139 146 192 
158 194 218 196 189 175 164 191 
207 182 177 188 180 214 209 212 
127 152 150 140 153 155 150 166 
157 138 104 109 152 187 149  65 
142  95  73 117 126 110  92  37 
170 138  86  87  97 111 124  81 
183 179 131 125 147 152 152 134 
162 178 179 184 188 157 140 170 
183 195 207 171 174 207 184 171 
179 166 220 214 197 214 181 170 
165 177 148 166 209 164 164 168 
 79 137 152 145 120  65 123 185 
 41  94 142 157 131  69  94 113 
 62  79 110 120 111  96 152 173 
118 120 153 167 165 148 168 156 
176 147 155 170 200 207 208 175 
193 177 184 168 173 172 180 173 
192 180 186 163 168 172 188 196 
