199 207 225 174 158 155 164 196 
205 165 149 161 189 177 142 138 
181 166 122 135 176 190 122  43 
169 164  73  57 106 187 170  92 
190 148  51  58 109 178 198 181 
192 164 118 128 148 165 181 201 
194 190 182 159 166 180 199 227 
213 192 200 182 205 204 188 196 
167 156 180 158 161 169 183 170 
183 179 170 166 169 154 135 168 
 64 115 144 129  77  89 129 213 
 13  40 121 140  60  54  86 107 
131  97 162 180 120  96 176 249 
205 181 200 200 207 168 178 224 
194 230 251 229 222 208 199 226 
243 218 210 221 213 247 244 247 
170 195 195 185 197 199 193 209 
200 181 149 154 196 231 192 108 
182 135 115 159 172 156 138  83 
210 178 128 129 143 157 170 127 
222 218 171 165 190 195 195 177 
201 217 219 224 231 200 183 213 
220 232 247 211 217 250 227 214 
216 203 255 254 240 255 224 213 
205 217 186 204 244 199 199 203 
119 177 190 183 155 100 158 220 
 83 136 179 194 164 102 126 145 
104 121 147 157 144 129 184 205 
160 162 190 204 195 178 198 186 
218 189 192 207 230 237 238 205 
233 217 218 202 204 203 208 201 
232 220 220 197 199 203 216 224 
