 72  86  87  78  55  49  65  58 
138 132 118 119 114 111 112  91 
143 128 112 122 125 120 119  98 
143 137 131 145 137 128 140 137 
131 133 135 143 128 116 135 141 
149 148 143 150 140 130 142 136 
136 137 132 139 135 131 135 116 
111 122 124 134 130 130 135 113 
 56  95 146 120  65 108 127 162 
 30   0  29  27  33  47  71 107 
 47  31  79  48  50  15   9   3 
 87  89 120  84 104  92  68  23 
 69 118 156 139 124 131 130 131 
 55 108 112 111 115 169 155 134 
 49 120 121 115 112 179 205 221 
 63 100 108 136 127 122 123 158 
100  81 108 123 130 116 123 101 
  0  79 100 128 114  82  96  72 
 18   0   6  81  91 100  76  91 
183  90   9   0  41  87  27  77 
200 166 116  46   0   0  36  54 
160 181 181 147 147  76  13   0 
161 164 202 166 138 160 149 129 
165 147 128 222 220 163 138 106 
 46 130 113 126 110 167 167 188 
 20 113 115 129 118 156 141 136 
 60 104 103 131 151 171 165 166 
110 129 126 133 140 127 122 120 
 63  98 112 107 107 100 118 117 
  5  14  43 101 131 116 118 118 
 91  36   0   0   1   4  18  26 
161 175 131  83  40  55  46   0 
151 147 175 151 144 134 145 150 
130 126 153 163 173 179 172 163 
 81 122 169 170 147 161 157 153 
  0  19  90 141 131 139 129 141 
 54   0   0  63  88  91  69  91 
150  71  13   0   0   0   0   0 
149 126 108  62  43  50  53  46 
192 127 106  91 104  93  97 101 
101 101 101 101 100 100 100 100 
102 102 102 102 101 101 101 101 
102 102 102 102 101 101 101 101 
103 103 103 103 102 102 102 102 
104 104 104 104 103 103 103 103 
105 105 105 105 104 104 104 104 
106 106 105 105 105 105 105 105 
106 106 105 105 105 105 105 105 
167 126  88  80  83  80  78  83 
139 116  95  93  96  96  95  98 
118 114 110 107 106 107 107 106 
118 121 117 107 104 109 108 102 
119 116 103  87  82  89  91  84 
120 110  90  70  63  67  66  60 
 40  32  20   9   2   0   0   0 
 12  11  13  16  16  15  17  22 
 75  75  75  75  75  75  75  75 
 77  77  77  77  77  77  77  77 
 76  76  76  76  76  77  77  77 
 77  77  77  77  77  77  77  77 
 77  77  77  77  77  78  78  78 
 78  78  78  78  78  78  78  78 
 77  77  77  78  78  78  78  78 
 77  77  77  78  78  78  78  78 
