113 121 154 103 102  99 115 147 
119  79  78  90 133 121  93  89 
 91  76  46  59 116 130  68   0 
 79  74   0   0  46 127 116  38 
 93  51   0   0  39 108 133 116 
 95  67  36  46  78  95 116 136 
 93  89  93  70  86 100 123 151 
112  91 111  93 125 124 112 120 
114 103 119  97  98 106 121 108 
130 126 109 105 106  91  73 106 
  4  55  78  63   7  19  63 147 
  0   0  55  74   0   0  20  41 
 61  27  86 104  44  20 103 176 
135 111 124 124 131  92 105 151 
114 150 166 144 139 125 122 149 
163 138 125 136 130 164 167 170 
 67  92 102  92 114 116 108 124 
 97  78  56  61 113 148 107  23 
 83  36  24  68  85  69  49   0 
111  79  37  38  56  70  81  38 
126 122  81  75 105 110 108  90 
105 121 129 134 146 115  96 126 
128 140 159 123 132 165 140 127 
124 111 172 166 155 172 137 126 
115 127  96 114 158 113 122 126 
 29  87 100  93  69  14  81 143 
  0  43  87 102  81  19  51  70 
 11  28  55  65  61  46 109 130 
 67  69  98 112 114  97 126 114 
125  96 100 115 149 156 166 133 
141 125 128 112 125 124 140 133 
140 128 130 107 120 124 148 156 
