 86 100 101  92  73  67  83  76 
148 142 131 132 129 126 127 106 
151 136 123 133 138 133 134 113 
147 141 138 151 145 139 153 150 
134 135 139 147 135 125 147 153 
151 149 146 153 144 137 151 145 
135 136 134 141 138 136 142 123 
110 121 126 136 133 135 142 120 
 80 119 172 146  92 135 157 192 
 51  16  53  51  59  73  97 133 
 68  52 103  72  76  41  35  29 
105 107 140 104 127 115  91  46 
 84 133 174 159 147 153 152 153 
 68 121 127 128 134 188 174 153 
 60 133 136 129 129 195 223 239 
 74 113 123 150 144 138 141 176 
101  81 111 125 134 120 128 106 
  0  82 103 131 118  86 102  78 
 24   0  12  86  98 106  85 100 
191  98  17   0  51  96  36  86 
213 179 129  58   6   0  48  66 
175 196 196 159 159  88  25   0 
178 181 219 181 153 175 164 144 
182 164 145 237 235 178 153 121 
 55 141 126 139 124 181 181 202 
 29 122 127 140 131 169 154 149 
 70 114 112 140 163 183 177 178 
121 140 136 143 150 136 131 129 
 74 109 123 118 118 111 129 128 
 17  24  53 111 141 125 127 127 
103  46   0   7  12  15  29  37 
173 185 142  94  51  66  57   9 
182 178 205 181 173 163 174 179 
158 153 180 189 199 205 198 189 
108 149 196 196 173 187 183 179 
  3  43 114 165 155 163 153 165 
 76  17  14  84 109 112  90 112 
169  90  32  16  10  19  10  18 
165 142 124  78  59  66  69  62 
208 143 122 107 120 109 113 117 
130 130 130 130 130 130 130 130 
128 128 128 128 128 128 128 128 
128 128 128 128 128 128 128 128 
127 127 127 127 127 127 127 127 
125 125 125 125 125 125 125 125 
124 124 124 124 124 124 124 124 
122 122 122 122 122 122 122 122 
122 122 122 122 122 122 122 122 
176 135  97  89  93  90  88  93 
143 120 100  98 101 101 101 104 
121 117 113 110 110 111 111 110 
119 122 118 109 106 111 111 105 
117 114 102  86  82  89  92  85 
116 106  87  67  61  65  65  59 
 37  29  17   6   0   0   0   0 
  9   8  10  13  14  14  16  21 
 86  86  86  86  86  86  86  86 
 83  83  83  83  83  83  83  83 
 81  81  81  81  81  81  81  81 
 80  80  80  80  80  80  80  80 
 78  78  78  78  78  78  78  78 
 77  77  77  77  77  77  77  77 
 77  77  77  77  77  77  77  77 
 77  77  77  77  77  77  77  77 
