 18  32  35  26   7   3  21  14 
 85  79  69  70  65  64  67  46 
 94  79  64  74  78  73  74  53 
 97  91  86  97  90  82  95  92 
 92  91  93  99  85  72  92  98 
114 110 106 111  98  87 100  94 
104 103  99 104  98  92  94  75 
 79  88  91  99  93  91  94  72 
 19  58 112  86  34  77  99 134 
  0   0   0   0   0  11  37  73 
  7   0  40   9  12   0   0   0 
 43  45  77  39  60  48  24   0 
 24  71 110  92  78  82  81  82 
 10  61  63  60  65 117 103  82 
  3  73  72  63  59 123 150 166 
 17  53  59  84  74  66  68 103 
 76  54  82  92  98  82  86  64 
  0  53  74 100  84  50  62  38 
  0   0   0  56  64  70  45  60 
161  68   0   0  15  58   0  48 
180 146  96  23   0   0  11  29 
138 159 159 124 124  51   0   0 
140 143 181 144 116 138 127 107 
144 126 107 200 198 141 116  84 
  4  84  66  77  58 113 113 134 
  0  71  72  83  71 107  92  87 
 25  67  63  89 110 128 122 123 
 78  97  91  96 103  87  82  80 
 35  70  84  77  77  68  86  85 
  0   0  17  75 105  87  89  89 
 68  12   0   0   0   0   0   5 
138 151 110  62  19  34  25   0 
128 122 147 121 111  99 108 113 
104  97 122 129 139 143 134 125 
 52  91 138 136 113 125 119 115 
  0   0  55 104  94 102  90 102 
 21   0   0  25  50  53  31  53 
113  34   0   0   0   0   0   0 
111  88  70  24   5  12  15   8 
154  89  68  53  66  55  59  63 
 64  64  66  68  70  70  72  72 
 64  64  66  68  70  70  72  72 
 64  64  66  68  70  70  72  72 
 64  64  66  68  70  70  70  70 
 66  66  68  68  70  70  70  70 
 66  66  68  68  70  70  70  70 
 68  68  70  70  70  70  72  72 
 68  68  70  70  70  70  72  72 
127  86  48  40  46  43  43  48 
 97  74  56  54  59  59  61  64 
 79  75  73  70  72  75  77  76 
 78  81  79  72  71  78  80  74 
 80  77  67  53  53  62  67  60 
 80  70  53  35  33  39  43  37 
  3   0   0   0   0   0   0   0 
  0   0   0   0   0   0   0   1 
 43  43  43  43  43  43  43  43 
 45  45  45  45  45  45  45  45 
 49  49  49  49  49  47  47  47 
 51  51  51  51  51  49  49  49 
 55  55  55  53  53  51  51  51 
 57  57  57  55  55  53  53  53 
 59  59  59  57  57  55  55  55 
 59  59  59  57  57  55  55  55 
