01111010010000011011110110001111
01010011001101110111010101110011
01000010100101101010010110100010
00101000101101101010001110100000
11001110110010110011011101010100
11011100000011000010100100101010
00110101000101100101010001100001
10000011001100010010101001111100
10001010111001101001100001010000
10010110010110101100111100000011
00000000110111100010001001101101
00111001101001001111100010011011
11000111010001011010010111100101
01000110110011100110001011011000
10000000011110011101001000111001
00111000111100011010111001101000
10010011111111001000011001000110
10110010001001110011011110011000
10000000011010110111001111000001
10010011000101000010101110101100
10001110110000011000110001111001
10101001101000111111001000111111
11000101010010100111011000110000
00010001011100110110000011010100
10000101010010010110101110110111
00010110010110100111010010110001
01101001011011010100001010000111
01111111110101110011010110111011
11111100001111001010100001100111
10101000101111001101010011010000
00010100011110101010111001110111
00110000011100101000101001011110
01010101101101010001001101001101
01001000011101100011001001101000
00111010000011101111000001100101
01011000101000000100010010010101
10110111010010001100110000010111
01001010110001001010000111010101
00000110110110101100010010100110
01000000101000100001100101111110
01101110111100000000011010011000
00110101101010001111001010001000
01011100010011111000010000011110
11000111100001001110101000001110
10000010010100000110100111111001
01010111100101010100101100110000
01011011110000000011001010000010
01101010101110000011101101010101
11101100101111101101000101101010
10101000010001100001110000010000
10100111110011010001001011101000
11000111010010011101001110011010
10110100000100101111000110000011
00111111100001101100110110010110
00001001100101111111100111010101
10101001100010100100101000101111
01011010011110111100101000111101
10001011110000110010011011000110
00000100011000010011011001001110
11110001011001101111000111011010
10011011011101010000011111001110
10011011110001010101110111100011
01100101000000010000110101100000
00000010110010001110111111001101
01010101010010011110110011010011
10101011000010001100101110010010
01001111101111100111101001000010
01110111111111111100000101110100
01100001010101011010000000000010
01001100100010100011100011110011
01010001110001111001000100001010
10010111000110111101010011110011
01000110101000100111110110010111
11010010010100110001010111001010
10100100101001000111011100011001
10011001111101010100011100001110
11101001101001011100001110101110
00110110100011110010010111010101
01010101010110110010110011110000
01010110010001100010000011011110
00100011111011110000100010100000
10011000010010011100110100000111
11000000111010111011100110101010
11110100101000010111101010000101
10001101100110110110001110010110
00110010100000010101100011011011
11010100001000111111100111101010
10001010010110101010011010011110
00001101011101101101110100110011
10100010111100011001010000001000
00101011110001111010101110000011
01100101011111111001001101101001
00010000010110001011100100011101
10110100100110011100010110111111
00101000001011001100100110101000
00010110111011000001000101100011
00000001100011110001011010110100
11111111100001100111001101111000
11011110110011110001000010001110
00000001100001100001110011000010
01011001100101000101011010100100
01000110110100000101101111110000
10011000010111000011010001010110
00111101001110111111100111011110
10110011001011010001110000110001
11111111011010100011101001111110
10010101101011100110111111101010
10111100000011011011011101101011
11101001001000100001011010111001
10110110011000100010111010001110
01011011101010000100010111010100
00001111011101101101001011011100
01101110010001110111000010000111
10101010111010110011000110100010
10101010100010011110010010110011
01101110111100110001101010110111
01010111101010111010011001110100
01001101010001111001011111000111
11110110011111101010010111010110
11011001111100111000110000011111
11101111101011101010010111001010
00010100001010001000100000100111
11101010100000010001000110101010
01000001000011001110010110111010
00011101111001101111010011000100
11001111101010000111001000000001
00000010101001011010101001001111
00011000000100100011100100100011
00110101011001111010100001110000
01111011001000111010110011010011
11101001100001010100011110111101
00010001101010011110100000101000
00001111011011010111010000000111
00001001010111110011001011110110
00001100000010000110000101110101
01010001011001000100111111110110
00000111010101110001101011000001
00001111111001000111000001010111
01010000010100000011110100110101
00101011010011111100111101001001
00111000111001110111111001011001
10100110110010100000000000111100
01100100010100100100001000001011
00000011110101001111100000011100
10110000100110011010101010110100
11100011001011010100000011110101
10001011010100001111000011110001
00100100011110001001101101000110
01010000100110111111101101101100
01110000100110000000100111000000
10110111000000110101010101000101
11000110000000000011101011010000
00001000100111000111100001110100
10010010000100011000100001011110
01110010101010110001011000001100
01100000010011110000110110011011
01000010011011111100001011100001
11001001001000111001101101000110
01110100010110000111111001110010
00101111100111001111001000000100
11100100001010100111010110010101
10001000111010110011100101111100
01101011010001001101001001100100
11001100000101100011100000011101
01101010010101101010100011101011
00111100011110101001000111010010
00101000001010110011101101000000
10011001101100001011010110100010
01111001111010001011011110000000
00000000001110010110100001111110
10000101000110010110001110101011
01110001000010110000010001110001
01000111000101010001101110010100
00110010010111010001010110010001
01110111001100110000100010000001
10000001110110000100111100101001
10111010100101110110011100101100
10110010000001110111100000010011
00100010111100100110010011000000
00010001100101010101001010101111
10111111101101101000010100100111
01100100001010010010101000100110
00000000101000111110111110001000
10010111001100100001010000101000
00000101001001110100010011110111
00111000110100111101101111001111
11110100101111001011100000111101
00100110010100100011010100010011
11101110000001101001001000010001
10110011100100011011001001011001
10101000101110000100100011100010
11011000101000101100101101001111
11000001101111010100100110000111
01000011111100101100000010000011
00100011010000101100010000000010
01010100001101110010111010110101
00001110001011011010100110100001
01101001100111001101000010001110
10011011010000001000111001010001
01110100011011100110111001101111
00001010110110001101011101000011
10101010110100111010001010001101
01101100100011010001111010011011
01110010110011101010110000100110
10111111010110010101001001010000
01110110011001011101000111010011
10110111100101101011011100100100
10001000001000001101100010101001
01000010110110001010101100110010
11000101001100111010111001011110
11001010101011000000000100000101
11101101110011101100111110011010
11101101000001011011000010010100
01110110110110001010110101011001
01011010100010111101100010000110
11101000101000101011000010110000
11100011010110001100100111010001
11011111100111100011000111111100
10111011111011101000111010111001
10001001000111011001110010011001
10111001001011101111000000010110
10001111101110101101010100001000
11011100001111110111101100111001
01111101111100110010101011000101
01011001010101110000001011111000
11001011010110100010100110011111
01010101000011001011100100001001
00000111001011011101000001101111
01000111000110001010100010111101
00011111111111101101011011010101
01110001001101011001100111000110
00100110001100000111100010000111
01011000110010101101010100000010
10101010000110101000101111010100
11011010111010011110111001011100
10000010000100111011010010001100
10101000101100101000001110101111
00000010011000011110000101110101
10100101100101000001100111111111
11100011101100011000001001100001
10100110111111001100010001010101
00100001011001011010110100111101
00000110100010111001111101011111
01111100011000100010111000100111
00111111110001010000100110000000
11101100010111001000111011110010
01110101000111100000001100111111
00101011000111001110111000100001
01101010000000111100000111101000
11001101000010001010101111000101
10000100011010001101110011011100
10110011100000101110110110100011
10101000111000000001011111100011
01101101100110111010000101010101
10101110000000000010110110001101
01111010001010110100101000111100
10011100110110001100011001100001
00101100101000100011010011011000
00110011001010010111111111000011
10010101110000100011101000000001
11000100100101101010101111110001
01010101110111000010100100011011
00110000001011001101111010011110
00101111000110110010100010100011
01000100000101110011011110101001
01011100001110101100000011000001
01011010000010100000111010011110
11010000100101011010110101001001
00001100001100001110010010100010
01011101010001111000000000101011
10111000111010110001101000101101
10111010101000001110100110001011
11000011101000110010010110100001
01111001100101101110111000110001
10111010110010110101000100100101
00110101011000100001010110101010
00101011000100111001100110000111
11000010110111101100001000001110
00001011010001010000101110010000
00100110100110001000111100110001
11010011001101111001000010001110
10110011100011010010010101100010
10111000110011001011110101000100
10100110011010001110101010001100
01010100100100101111101000100100
10010000010000010011010100100101
10011101110101000011101111000011
10011100010100000011101110001000
11001001101001010100001110110111
11001000010110010000001110111100
10100100000000100100010111100100
11000100100110010101010100101010
11111111010010001000010000011100
00101000111011101000101000110101
01010001101011111100101001000100
00111100000101000110100001100000
00100000110001001111011110010111
00111101111001011100101100000101
10101011100000111101001110001101
10010000000100010011111101001011
00110100100101001001110100110010
10110111100011110100011101110000
10101111111101001000101110011000
01000110011010101001111110011000
01111010100111110101001010001111
01001000111100110001010111100001
01000111101101111101010010110001
01001110011011000010100001111110
10100101101010111000101101100100
01010111000010001000101100001000
11000010101011100011011011111001
01100000110100010111000110111001
10011101001101101110101010010000
00100000001000001000001111101111
01100101010111000010001100100100
01011011001010101011100001011011
11011011110101001111101011000000
00110101110100000110000110010000
11001000010101011001110010100101
01000010001000110011100101101100
10000011110011110001110001110010
10101010111000010110111111100110
01001100011110010110011011000100
00100000100001010000101010001110
11001010110101001110110101110111
01100000110000010110100001001111
00111011010110011100001010111100
11001011010001011001110001100010
10011010000001011011111101101110
11010011101110100000001110001110
01101001100110101001111110000100
11110010011000011000100101011010
11010110101110111001000101111100
01011111001111011001110001100010
10010100011110001100100111100100
10100000010111010100100111001011
00111100100110000111010010010100
01101000110001000110001001100010
11011100001000000111000001010101
01000110111001111101101110101000
00001000111010100111101100111000
11001010010001111000111010000001
11011100000100100001101110101110
10001111010000010110011110011011
01001111011010100011100011011110
10111011100111101001001100001000
01101011110101110110100011100001
00000000101010111001101001111111
00011110101110011001111001110101
00000110000001010100100011000001
10110101010001100111110000010001
00101010000100010111000011100101
10101010000000111010110010001101
00100100100100111101110110111010
01000110001100001001100010110011
10110111000011001110010101010000
11010100011000101000111100101000
00000001000101100010110011100001
01010000100111100110001011100000
01010111101110111100110000010000
00000001001101100101011010101000
10101001110000110110000101010110
00111011101011100000111010011110
01100100110100100010000101010100
00110100000111010010001110110111
10110001100001000111011101100001
10010011010100011110011110101000
01110000100011001010101010011010
00111111001101001100001110101100
00101101111000001011110101010101
10001001001001000110010101001110
01000100110000110001100000011110
10101111110101000001010010111101
11000110101111100111101010101111
11000010101100010000111011000010
10000111100101011001011000001001
10001011010101011100000011101001
10010010000110000110110000011000
11010100000100110101001100100100
10100111100101000111011011110011
11100100000101000010111011100000
11011101010011110010101011101111
00110010000101100100010111000101
01010110010000111001000101101001
10011000010001100101010111100101
11100010011110000010000011000011
00111100001100010011100110101111
11111111100110111100000100000111
10000110000000000010011101010101
01001111011101110011100000010011
00001110010010000010011101101100
11101100111000110101000111101111
01001111110100101111101011100000
00010010010010100100011010100110
00000010110111000000110100100101
00110111010010010010010010010101
01001001001001001000011000111100
01001001001001001000000000010010
01001001001001001000000000010010
01001001001001001000000000010010
01101001110101001000000000010010
00001000111110011101110100110010
00100100011100000010000110101100
11001100000000000000101100011101
11011110111000101100101010100100
01011010011100011000000000111000
01100111000101111100110100011110
10110010010100000001011111001001
00100111010100000101010001001011
11000101001001100101110011001001
10000111010110000100110010011001
11000101011100001111100101010010
01100001111010011011101101001001
10011101101011000001000101110000
00100000100010110111110110010000
01011000101011000111000111000001
10100010111011111001010001000110
10100011110100101010011001100101
11101101001100011010000011100010
00010110110010110100100101011100
11011001110001110110100110010111
11110010010000101111101101011101
11010101101111111011000101000101
00011100011001110001010111000101
00010101011111000100100011111110
01011001110001111100110110010110
10101101000111001110111110101011
00111000110111000000010101000101
11111111000100011000011100111001
00010100110100000010101110101001
00001000111110101011100001101100
00111001111010100111010111111011
11001100001110101100000001110111
11011010111001010011111110010101
00000110111000011011101101010000
10011110010111101011001001011010
11101000001011010110101110011001
11001101001010101000000001111000
10011110000000000100110100110110
10110111101010101010000010000101
01011010111010011101100000110110
11001101101000101010010001001100
01111101101001110011000101000010
11101001111101010000111001000011
01111011010100001110001010100111
00001110000001111011000011011110
00101010111011111100000011001011
00010001101101010001101010000101
00110111000101001011001001010100
10001100110010110000010001110011
00110101100011101110100010110010
10110001101011000000011000010011
00000000001110100011100000110011
01000101101000101111010110010101
11011001101110111001001100000111
00110110011010110111000011011110
10100010000110101000110000011110
01110101100111011000011111010000
10100101110101110001101010111000
00000000100001001010011011000110
11110000000001110001111001001011
00110001000000011111111100010001
00110011101010100111001001101110
01110000011100011100000000110001
01010101010110111111001011101000
00111000000000000110101000101001
11100101100111011110000100011100
01000101111001010001000010111001
00111010110000100000111110010110
10010011001001001010101000001001
10110101000100110011010101010111
10001101010101110111100000010110
11010110101010000101110110110100
01011010101000111110111011000010
11001000101110001011101111101001
11001001001000101101001001100000
10001100111000100011001011100100
10011001101000100001010001001100
01000111101000100111010101011111
10100110100010000101000000111000
00000101010111011100010101111111
11100110000000100111011101000000
00100111001111000101000111101100
00110101000111101101011001100000
11100100101111101011100011001110
01110010010010100111010100110100
00000101101110000001101001001010
01001000110010110010100100100110
11101010000101011001100110100011
11000111100000111110111001011010
10010010001100110110101100101101
01001000010001100100100100100100
00000000100100100110010101011110
00000000100100100100100100100100
00000000100100100100100100100100
11001010110011011111001000100100
10010011000011001100100110000000
11111001011010010010000000101100
10010101111000101101000000100111
11000110000100100100011000010000
11011001011110011011100101110010
00100000000000000101001110010110
10010110111100001000110000000010
10100010000100010011001011100111
01101000010000010100011000100111
00100011011011011000001101000110
11100010001110000110000000010110
10100000101000101100010110110000
11101110010011000000010001111110
11001101100010001000001111001100
10110011101000001100101011000110
01010101101110001011100110110100
10000110010110011101101001010010
00100111111001100001111011000100
01010011010000011011011000011101
11011111111000111010101100101011
00001110010100100101011101010001
10100100010101110101000110000000
01101010101010001111001010000101
00100110010001110001010000010101
10110000100110001011000101001011
01000111111010110111001000001000
11010001000101100111100101101011
10101110010000010010101001000101
01101011000100101101110010101010
01101001100010000000101001101000
10001010001010101000101001010000
11101001110100000100011110001101
00111101010101011110101110010110
10011100111101111000010010100110
01101001110011010010011110101101
00100111100001101001001100111110
11010000011100110011001100110001
01100100010100001110000010101101
00011011001101100110100010110010
00101001010111010000111101111001
11111001101001001111010011000000
01010101111011000110111010001110
11000010101110100011100111010000
01101001110101010101110001111001
00111101110000101010111100101110
11001001001111011110110010101010
11011100010010110101100111001010
01000011100010111011001100011001
10000101101001001010001100101110
10111100100010110101101010010001
00000000011101101010100011111011
10111001010100010111000101110111
01110101010101110000100111000101
11001000000100001011101110000011
01010100100110010111001011011100
10011101000110011100010001100101
11111011000100110110010000101000
10001100010110100010101011101110
01111100011010101000010100000011
10000110000001010101110111001111
10110011000000010010011011101010
10011111101111100010100011110110
10100011110110001100100000000100
10010111001101110001100110000110
00100100101001000010011010011100
00110101110010001101001001010001
01010001001001010001011101001000
01001100101110100001110101001000
11101000100100111010100010101001
00111001110100000110100010010001
11101100000010110110001101000011
11110110010101110101010110001100
00110001010100111100011011110010
01000001011100101000000100111010
01000000110001001000000000000111
11110111000110010101101011000101
11011101111110100110011101100001
00000101000010110100110000000010
10110011100100001101100010001111
01110111000101011101001111001110
11111010010011100010001010000000
10011101001011100011110110000110
11010010010010010010010011100000
01001001001001001000110011001010
11011101001001001000000000010010
00000000101001001110101011000110
00000001001001001001001001001100
01001101110111011010000000111000
11111000110001100111101111000111
00001101010101111010100000010101
10011011101110101101000000110011
10011110110100000110101111101111
10111100010101101011110001001000
00011011010101001101001101010000
00101011001110111101000011011011
00100001000101000110001011010011
11100111101100100000100000101001
00101001100100001000000101111001
00010111010110001001010000011100
00000001110110101110111100100101
10100100111100101100100100110011
10100001000010010111001000101001
10001011111000110000010011100101
10001001100001111101111010110011
01011110000010000010010110000011
01111110010011100110100001000001
11110111100100011100010001001010
10111000100000111100000001111010
00010000110010110100011111010110
11111011001110111111100100100100
10001100111011001111100001010011
01100000110110000100000000111000
11111101110110010011001110101001
01011000011011110011111010101001
11101101101111011111001100110010
10010100010111001001000010101110
00011110010000011101010010100101
01010111101111000111011110100111
01111011000101010001100101110000
11000001111001001100100100010100
00111110010000010101000010011101
01010010100100110101000011111110
10100101101000111011101001110010
01010101001100010010010110000011
11100110111100100101010010000000
01000100111101110101001111111110
11110011100010101010000100101101
10010100100001001101101110001001
11111111010100110111110100101011
10001100101000100111101110001001
10111010000111110001111011101001
11001100010110111010101000100111
01110000100110100101101111100000
10001011101101000011111101010101
00011111001011010000101010001011
00100110100001111110101010101110
10010000010111001100100011001000
01110000001100101110010011001011
01100100001010010111011011000100
10101110111001111011100000100011
11110010111011000110010110100010
10110011001000110101010000100010
10110100000000000101001010111011
11001100100000000101000111001000
10011001000111111000101000111101
01111011000110011111100110101000
11100110111000110011000011010100
00100101001000010011101110010010
01110001001101001001010010001001
00001011110010001010001000000011
10010100001011100001100000100101
01110101000010110111011001101111
00100110010111100011110011011101
00000110100111101101100111110011
01010100001011101111001001100001
01110100000100011011101000101111
11010101001000010111010100001011
10100101010010010100101001111111
10001101111100100101011100000011
11010101011101010010101110111000
01110100010111111010001001000000
00100010110010001011100110100001
00011110100100010111100001011010
11111110011101010010010001010100
01101101101101110101111010110010
01010110100100001010111111011010
10011100010111111000100111110001
10011100010010100110100101111100
10010111111100101000100001110100
10010111010000011001111101110100
01100010111101010111110001101001
10000101111110001001111100011101
11100101001000001001011111001001
01110001101101100001100010000000
01001101110010001011100111111011
11011000010001000111010011011111
11010001000000011101011110111011
00010001110010100001001101110011
01011110100100010111100101011000
01100000111100000100111110001001
01011100110001011011010100100010
01111000010110000011101110100110
00010010001110101100001001011010
10011000100010001111110010010110
00110111010001011010101011001011
00011111010110011100001111001001
10000001111101011000001000111110
01110001010101111011011111000011
01100110110010100110101111011010
10110001010011010110000100000100
00000100110001100101111110011101
00110010111101110100001100000000
10110100111100001101000101111100
00001010001011010010010001011000
00000011000011100001001011010010
10101000111000101010000111000001
00011001000100110101100110001000
10111011001101110000001111110100
10000101100101101001111001000010
10100001111110111010010010100010
01110011110100110100000101010100
00110011110110110111000111000010
01100111100000100011100001111100
00011010000011001000000110100101
10011010101011010011011100010110
00100001100100001011100010101011
10001001010001111010011001100111
11110110100001011001111101101010
01111011110010010100010111001101
00100010111111001001100111111110
00000000011101011010000001011010
10011000101010001010001010100101
01010100001011011000101011011101
11001000001101101010100010010101
00011111110011011101010011001100
10101000011011001101010101010101
11001011000110011101010010001110
01001001111100011011100111101000
00110101100101100110011001111001
00110000000000111001011000010110
10000100000100010111111000111010
11001110011011001101101001001101
10101000001110100001011011100110
01001011010110001100111010110000
01100000011100000011101110011100
10110101010111111000111000111001
10111110101110010111011111011110
00110010000100100111100111101010
00010100010000111100110100010001
11100111100101010001011101100000
11011111000101110110110101100010
01101001100100000011101110110100
10101000111110000101101010001001
11111101001001011011111001101001
10111000111011110001100011000010
10011111100001111011001101001011
10011000100010000101110100001010
01010110000110010111000011010100
00100011010000101000101110110001
10000010000111100010010101000101
11000011100001011011110000011011
01010101000010111110000111011111
01010100101000000010011010001011
00010100011011111100010011110011
01110101010100000011101111000001
11000111010100001000110010110010
10010001100001111000101001001001
00101101101001101000001100100101
01100011100100010010010100000011
01111011000011000111100001000001
00001010001001111010111000000111
01110111010000011001010001000011
00011000101100101000100111100011
11011000110010100010001010101101
10000110100110000100010111100101
11001000101001010111011101100111
10100110000101001011101110011001
01010100101011101000111110100001
01000100110010001001010000000011
01010001111011111000111111001101
00110101000100111010001000001011
00001101010001111011011000111111
10010111001101110001101110110011
11001001001010001000100111011100
00110101110001001101001100101000
11001000001110000000000000011101
01101011011111100000010000101011
11101001100110001100101010111111
01111110100010111101010101010110
00111100001001111011110100110010
11011111001000001111011011100000
10110111001101101100000000100010
10101101110101011011011001010010
10001001111110000010111100010100
00101100000111110001101111011110
01101111100101100111001011011000
01111101011110011010101011000101
11101110101010100101001010110111
10001110111110000101111000101100
01011001001011111010011111011110
10001100101010110000110110111000
01111110011010101011101101110001
10011011111001011001110111010111
11101111111101101111110010011101
10000101011111111011111011110000
10010101011101100001011011111011
00000010101011001101101100110001
01111100010110100111010001101111
10111101001011100110111111010011
11011111011001100011010001000011
00001110010110101101000110001101
11100011111110000111100001011011
01100011000011010010100101010111
10111101111010001101101101010100
11011111011000010001011011101001
00000010101101110100011010111100
01101000010010100000100011010001
11111111110100000011100000000110
00010110101000111110011110110000
01011000001100010100010101100110
01001100010110101100000000001011
00111010010011100001111010011000
00011011111100100001000110100010
00100011000010100100111100001110
00110011010100111010100011010011
10111011001010010010011001001111
01011000111110011010110101001101
01001111000011101000111100110101
01101101010110110000101010001110
00110111010000110001110000101110
11001100001110101101111110000010
01100010010000010101010111100000
00110000011011110111100010100100
00000011101001110001001001010101
01000011100000000011000101000101
10110111001011011010001010100001
10110110111100111100100111010000
11001101001111000110010011011000
00001111011101100100000011110101
01000101110101111101011011011110
01010001000001011011110000011110
11101011101110001010111000001100
00101100101101011110110101000000
01010100111000111011100011101100
01010000101010111010011110001111
01010000101101001101111100101101
11011011101111001101001010100100
10110101011110010111011010011101
10101110000101010111010000111111
00100110001011001011011110010000
10011001101000111110101101000111
11101110001101110101101111101101
01010101100001011110110011100000
00111110000001100101101100100001
11001101111110001110111010100011
00110000001011001011010011001100
01111100001110000110011101110000
00000010111111101000101000101111
01111011100101101111111110011001
11111111101101010011111110110110
00110011101011010001001111110100
01010011111011010110110100010110
00101100010000101010110011111011
01100011101010110001110011101110
01011110010111111111000100010101
01100111110001011011111111100110
11111000010010010101001111110011
11111010001010101100011101100110
00101011001000111000001101011101
00101000010000000000011111001000
10110100100111011110001110001101
00100011011101001000001001010011
01010001001111011110111000000010
01000001010000011000001111010100
11010011011111100100011110011101
10010010100011110011011111110010
10100101010110011100101100110011
01101000001110000111110011100110
00000000010101110000100110101101
11001001100111001001010110001111
00001101011111110111101010110011
00101010111100100100111100011101
10001001010101000100101100110101
10100011101110010010010011000100
11101010101010001010011001010010
01011011111010000101011101011010
01100011110100110001001010100110
01100010001100001010110011100000
10100100011110010111000001010101
00110010100011101110110110001110
01111100101011101011010111010000
11011000000111111001011001010011
00110011101100110001000001100010
01010001110010111000111100000110
01011001100010011110011101011000
10111011101100101110011011011101
00001111110101110111000010111110
01111101001110010101000011100101
01000111011001000011101010000111
11101000001101010110100100110111
10000100010111100101110110101100
00101011101000111110100001101001
10111101001110110110111011000101
10100010001001100000001111010011
10000011011100000010001011100010
00101111010100101011101110010011
01001100010110101011001011001000
10101000000111001010001001010000
00010100100011100011000101111001
10011010100000011100011000111111
01100001101010011001110100011111
10010010111001101110001101110110
10001001001001010011000100111011
01010001010111001100110100110010
11011110010001011000110011011111
11101011100101110010001011000001
00101110101100000010011110011010
00000100100101110010001010100100
10010010010010010010001010100000
00100100100000100101110000000000
01111110011010001100110111010110
01010001111011111010010001001011
01110010011100000011100110001101
11100110000010111000000011101110
10010010010010100110010100100111
00011011100100000101100011011010
10001000101100000000000001101000
01000111001001010110110011000101
01110001011000010011100001100011
00010110100010111100011100001110
11100110010110011101010111010000
10100101001010110010010000100010
11011001001001111110011110101010
10101001001101100110110111001001
00100000101010101011100001110000
10010110010000010100010010101110
00000010100110010011010000011011
01110001001010010001101010010001
10010010100100010100000110011110
10000011001110000011001101100010
00100100001010001001110000101111
00000110011000011100000111000001
11111010101101010001011001011111
00110001100111011011110000011100
00011011001000101100010101100011
11110111000011101100110101000011
10000101111000110011000011101100
10011001110010010001110100000111
00011000110011100011101100111101
10100111011101000011001110001000
01010111010100001110000001000110
01101110111100011001010010101000
00000011100100001111101111011111
00100100000100010010101001111111
00110011101000010101000001011010
01010100101100101110101010111100
11100010101011110101100101100010
10101110000100011101010011000000
01010110100111110100111010101011
10100001011100110011011111010101
01101100110000100100110010011010
00100001001010100100111101011001
00100110100110101100011011100110
10111000101010100000110001000111
00101011010110011000011101010100
10110100101000111100011010011000
10001100100001000100111011000001
01101110101000001000000110011000
00000101101000101111001010100100
01010101000001110000100100111110
01100100010111000110100110100010
11000000010011100001010010100000
11110010001001111100101110101010
10110100101101001100101100100000
11111001000000010110111010010110
01001000101110001000111100100100
11010010111110001101000111011000
10000111000010000101110011000011
00011100000110000111010110101011
10101011100101010101000011001110
00010110011001101110000100010001
00101011110001000110001001011010
10011011100100111000111101010100
01101111110110110011000011101000
10000110001011101111100010101100
11011010110110011110100011001001
11000111000011100010001110000101
11101110001111100001001001110010
10000110100001000110110100001100
01111001011010001110110100000011
00000000101000011111111000100000
00100111101111011010110110011010
00000010110110011000011101000000
10111111000110001000000111101110
00010011010000110111101001101010
00100110111000101101010010101111
11100000001100011010000000100011
01011111100101110110110011100100
01100001010011100100111000000100
11111100110000100100011111001000
00110001100111001011000111010000
00011010101110100100111110000011
00100111001100010101011010100100
10100000011100011000101011010001
11100010100110011101000100000000
10000000010100000011100011000101
01111010011110010100110011001000
11101111010010111010101110001010
00100010010011001010010010011100
00100001010111001100110100100101
01100110111111100101001110100100
01010111100101000000101101010100
01010011100011110001010011011101
00100001011101010001101001000011
10010101010001101010110011110101
10100100010000100000000010101010
01010100100001011101010101100000
00010101010100101010101100101000
10100001010100110110010001000000
00001000111010010000100110001101
00000001001100000110101100011011
10101100111110010011001110101111
00010111101001100100100110011001
01100101111000110011100010110001
10011101000110001101011010100100
10110001000011101001100101011110
10100100010010001001000100000100
00011101010010001100101010101100
01001110011100110001010110011010
10011100100100100110010001110001
00100100000111100100100111010011
01110100001010000000011000001100
00010111000100011000011110000110
00100000100111100011001000101010
01110011110010100100111010110001
00101100001011111100001000000111
00101101000001110101000010111100
00100001000000001101010011101000
00010001001111000001000111000001
10000101111001100110101010101111
00110001010100010110110011100001
11001110010110110011001000100001
01010010100010010111111111100000
01100011101110001010110011101010
10100010010101111100110110101010
00010101111000100000101011111000
01001011010000011010101000000111
11110110001000101011101010001100
00100100010110010101011100101000
10011001101010101010010001000010
11010001101010100010111100010110
10011101010001001110001110000010
00011000010010110011110111010110
01000000111010100011001000011010
10101010001011101101111000011101
01011001110000111101011100011011
01000101010000100001011011100111
10101001001100010101001010010010
01000110010100000101000100011011
11000100010100010000001100101011
11000000100000100000011101011010
10010101100110101010100000111000
11000100001010000100010000010001
01100001101100010001111100001100
10100101000101110000011100000111
00111100010100001001011100001001
01100000100010010110000101101100
11000011110100000100110000111000
10100100001101011011000011011011
01010100110011110011000000011111
10000010110101010000100010100111
10000011010001001100000100001011
11011110101100111101101100110001
00110000100000000110111100011001
01001011000100110111101011101000
00111011000110011100001010100100
10110100110011111001011010100000
11001001100101111011110000001111
00101101000011010000011110000100
01010010100010000001100001111011
01010001010100101100000101010001
10000101000110011000100001010001
01110100010010111011011100101010
01110110000000000000001110111101
11101011001111010000110001100111
01110000101001010101111000100110
01100010001011000110101000111100
00101101011100001100101101011101
11000011101011110110000000101100
01011001001001000111010000000001
11011101010001111101010000110001
10100011011000101100001010110111
11110001010110101000011000100101
10010001000001101110001011000000
01100100000011011110010010100011
00010010100100011000100111001010
10001110101110111010110000110110
01110111110001000010111001111000
10000010000011110101101100010001
10111111000010111000101000100101
10001010111010101001110000001001
10111111001011011111100001110101
00010100010010100100000101101010
11100010011100101101001011011110
01101001000011001010110011110000
00000001001001110001101010011001
10000000101000000111000110001001
10000010110101001000111000010001
10011101001011010011000010011100
11110011010101011110000111100101
00110001011101010011001100100010
11010010111111011000101111011001
01100100100101001001110011000011
11001001011100110011010010010100
10101100110010101010001001101101
10111010100101100011000010000111
00101110101110010111010011100001
10000001010000100101111010011110
01000001111011110010101011000011
10101010010110011110011100101000
00011010001101100000110100011000
01000100101101000010110011001001
10100010000000101000100100100001
01010100010110100111001010000111
10010000100001110100111011010001
01111101000111001001110100100101
01110011011100101101001011101000
11100000000111010110100111000011
10010001001110000010110101101001
00010000100100001011100001101110
10101101110111000011011100000001
10101011010100010011100010010110
00101101011110011000100111000110
10101110000101000011010101100110
01010101111100000101110010011110
10010001100111010000000110001011
01110101110011001101111101000110
10000111010100001110101010000111
00111101011011101000010101110001
10001011011001111110010101111011
01110100100000011111000110001011
01000001110101000101110100111010
00010110010100111010000011111011
11110100000111010000011101100010
01010100000010001100110111010000
10010110110000111000101011001110
00000000010001011100011110000101
11010010010000010011011001010001
01000001111000111100001110101110
10001001010101110100010011110101
00100010110010001010001100111010
01101111110111001110101010110001
01001111001010110100011111000001
01000011110010011111011110110010
00000001101110101010101011111101
00001010001101110111111101101101
10011101100001100010100000011110
00001110000010011100101001010100
00001001110101000000101101110100
01010010011110000010111011110011
00100001011101011011100000011010
00001100111010010011001011001100
00111111100011001111010100111001
00010010001010001000010010101000
01010110011111011001110100111010
11101100010100100001001000100111
00001100001000000010100010001100
00001110010110101000101001000111
00101000001110110010101000010101
00010000100000111111100100001101
10010010001011001101001001110000
11000001110010100001000010001001
01010100000001101111001001010001
01010101110101100100001000010101
10111001100010110101101111100001
01100111011010101101110110010000
10000000001110010110011100001011
10010110000101000111101011101100
00110010110101100001011000001010
10000110100010110101010001100010
11110000000111101110010010011000
01011000100000000011101011101000
10111010010111101000101010101000
10110010000110000100010110010001
00001100010010110101100011101000
00010000011110001000000001011101
00110111010100001111110110100110
10001011010110101101100011001101
10110000101010011110000000101111
00011110100010001010100111100000
10100010110001111001011000110101
00110000000000011011101101100010
00111000101101011000010110011101
10111011111000011100101111001011
00001111010011001110111000001010
00100000010111000011110111111011
10000101000110010111001101010010
01101011000100001100100001000101
10100010111110111010101110001111
10010101000010111110010000110100
11100101101111110000010100010110
11000011110100110001011011000000
10001101000011001111000000011110
11010110101001000111000010001110
00100111010011110110011100100111
01000010011100010110111011000001
10111011101100010110110111000111
01100010010110101000010111101110
11100000011101011000110111101010
10100100101001110000000101110010
01011100110101001001010010010011
01001000011011101000010101010000
10111100111100110101011010010010
01000111100001110000100010110000
01000101101000111001110011010001
01101110010111011001011010001000
01110101100001100010001110110110
00000010110110100100100110010001
10000110011000010011101001100011
11100111101100111011111011100010
10001101110001011010100110011110
00111101110000010101110111000110
11010010010010010100110011110111
11110010001101001100001000101110
01011001010100011110100100011101
01011000010101100110001011101111
01011110010011110100100100100100
01100101110011000100111111111001
10010010101010111000010000111000
00110111001110100100100100100101
00010100100011111111100000001011
00100111001011101111000101000101
00111001010001000010101001001001
01100111111111110111011001111001
00010001001111110101001101111110
00010111111011011001111111000011
00000000110110010010010011001000
01110110111011110001011100110011
10000100110000010010101000010111
00001100001010010010010010001011
11101010100011000110000111011100
10100100100100100000000110010101
11000001101110001100100010001010
00101110010000101101001110100000
00001100110000100000011011001001
00100101000110001011000000101000
00111100110010000001100001001001
00110010100011111101010100100110
10101100101101000100011001001001
11001001001001001000100011001110
01101010001010001011010101000000
10010001011000111111111100000011
10010010010000101011111000001011
01001110100011000100001001010100
01010010101001000111100111011001
11100001001001001100101100111011
11000000101111010001011010010011
01010000111100111001000100001100
01010011111101010010001111010011
10000010011101001001001001001001
10010100100111000011000101001110
01011100000101110100100100100100
11110011
