11110001101111011000001001011110
11001110101011101110110011001010
01000101101001010110100101000010
00000101110001010110110100010100
00101010111011001101001101110011
01010100100101000011000000111011
10000110001010100110100010101100
00111110010101001000110011000001
00001010000110010110011101010001
11000000111100110101101001101001
10110110010001000111101100000000
11011001000111110010010110011100
10100111101001011010001011100011
00011011010001100111001101100010
10011100010010111001111000000001
00010110011101011000111100011100
01100010011000010011111111001001
00011001111011001110010001001101
10000011110011101101011000000001
00110101110101000010100011001001
10011110001100011000001101110001
11111100010011111100010110010101
00001100011011100101001010100011
00101011000001101100111010001000
11101101110101101001001010100001
10001101001011100101101001101000
11100001010000101011011010010110
11011101101011001110101111111110
11100110000101010011110000111111
00001011001010110011110100010101
11101110011101010101111000101000
01111010010100010100111000001100
10110010110010001010110110101010
00010110010011000110111000010010
10100110000011110111000001011100
10101001001000100000010100011010
11101000001100110001001011101101
10101011100001010010001101010010
01100101001000110101101101100000
01111110100110000100010100000010
00011001011000000000111101110110
00010001010011110001010110101100
01111000001000011111001000111010
01110000010101110010000111100011
10011111100101100000101001000001
00001100110100101010100111101010
01000001010011000000001111011010
10101010110111000001110101010110
01010110100010110111110100110111
00001000001110000110001000010101
00010111010010001011001111100101
01011001110010111001001011100011
11000001100011110100100000101101
01101001101100110110000111111100
10101011100111111110100110010000
11110100010100100101000110010101
10111100010100111101111001011010
01100011011001001100001111010001
01110010011011001000011000100000
01011011100011110110011010001111
01110011111000001010111011011001
11000111101110101010001111011001
00000110101100001000000010100110
10110011111101110001001101000000
11001011001101111001001010101010
01001001110100110001000011010101
01000010010111100111110111110010
00101110100000111111111111101110
01000000000001011010101010000110
11001111000111000101000100110010
01010000100010011110001110001010
11001111001010111101100011101001
11101001101111100100010101100010
01010011101010001100101001001011
10011000111011100010010100100101
01110000111000101010111110011001
01110101110000111010010110010111
10101011101001001111000101101100
00001111001101001101101010101010
01111011000001000110001001101010
00000101000100001111011111000100
11100000101100111001001000011001
01010101100111011101011100000011
10100001010111101000010100101111
01101001110001101101100110110001
11011011000110101000000101001100
01010111100111111100010000101011
01111001011001010101101001010001
11001100101110110110111010110000
00010000001010011000111101000101
11000001110101011110001111010100
10010110110010011111111010100110
10111000100111010001101000001000
11111101101000111001100100101101
00010101100100110011010000010100
11000110100010000011011101101000
00101101011010001111000110000000
00011110110011100110000111111111
01110001000010001111001101111011
01000011001110000110000110000000
00100101011010100010100110011010
00001111110110100000101101100010
01101010001011000011101000011001
01111011100111111101110010111100
10001100001110001011010011001101
01111110010111000101011011111111
01010111111101100111010110101001
11010110111011011011000000111101
10011101011010000100010010010111
01110001011101000100011001101101
00101011101000100001010111011010
00111011010010110110111011110000
11100001000011101110001001110110
01000101100011001101011101010101
11001101001001111001000101010101
11101101010110001100111101110110
00101110011001011101010111101010
11100011111010011110001010110010
01101011101001010111111001101111
11111000001100011100111110011011
01010011101001010111010111110111
11100100000100010001010000101000
01010101100010001000000101010111
01011101101001110011000010000010
00100011001011110110011110111000
10000000010011100001010111110011
11110010010101011010010101000000
11000100100111000100100000011000
00001110000101011110011010101100
11001011001101011100010011011110
10111101111000101010000110010111
00010100000101111001010110001000
11100000001011101011011011110000
01101111010011001111101010010000
10101110100001100001000000110000
01101111111100100010011010001010
10000011010110001110101011100000
11101010000011100010011111110000
10101100101111000000101000001010
10010010111100111111001011010100
10011010011111101110011100011100
00111100000000000101001101100101
11010000010000100100101000100110
00111000000111110010101111000000
00101101010101011001100100001101
10101111000000101011010011000111
10001111000011110000101011010001
01100010110110010001111000100100
00110110110111111101100100001010
00000011100100000001100100001110
10100010101010101100000011101101
00001011010111000000000001100011
00101110000111100011100100010000
01111010000100011000100001001001
00110000011010001101010101001110
11011001101100001111001000000110
10000111010000111111011001000010
01100010110110011100010010010011
01001110011111100001101000101110
00100000010011110011100111110100
10101001101011100101010000100111
00111110100111001101011100010001
00100110010010110010001011010110
10111000000111000110100000110011
11010111000101010110101001010110
01001011100010010101111000111100
00000010110111001101010000010100
01000101101011010000110110011001
00000001111011010001011110011110
01111110000101101001110000000000
11010101110001101001100010100001
10001110001000001101000010001110
00101001110110001010100011100010
10001001101010001011101001001100
10000001000100001100110011101110
10010100111100100001101110000001
00110100111001101110100101011101
11001000000111101110000001001101
00000011001001100100111101000100
11110101010010101010100110001000
11100100101000010110110111111101
01100100010101001001010000100110
00010001111101111100010100000000
00010100001010000100110011101001
11101111001000101110010010100000
11110011110110111100101100011100
10111100000111010011110100101111
11001000101011000100101001100100
10001000010010010110000001110111
10011010010011011000100111001101
01000111000100100001110100010101
11110010110100110100010100011011
11100001100100101011110110000011
11000001000000110100111111000010
01000000001000110100001011000100
10101101011101001110110000101010
10000101100101011011010001110000
01110001000010110011100110010110
10001010011100010000001011011001
11110110011101100111011000101110
11000010111010110001101101010000
10110001010001011100101101010101
11011001011110001011000100110110
01100100001101010111001101001110
00001010010010101001101011111101
11001011100010111010011001101110
00100100111011010110100111101101
10010101000110110000010000010001
01001100110101010001101101000010
01111010011101011100110010100011
10100000100000000011010101010011
01011001111100110111001110110111
00101001000011011010000010110111
10011010101101010001101101101110
01100001000110111101000101011010
00001101000011010100010100010111
10001011100100110001101011000111
00111111100011000111100111111011
10011101011100010111011111011101
10011001001110011011100010010001
01101000000011110111010010011101
00010000101010110101110111110001
10011100110111101111110000111011
10100011010101001100111110111110
00011111010000001110101010011010
11111001100101000101101011010011
10010000100111010011000010101010
11110110000010111011010011100000
10111101000101010001100011100010
10101011011010110111111111111000
01100011100110011010110010001110
11100001000111100000110001100100
01000000101010110101001100011010
00101011110100010101100001010101
00111010011101111001011101011011
00110001001011011100100001000001
11110101110000010100110100010101
10101110100001111000011001000000
11111111100110000010100110100101
10000110010000011000110111000111
10101010001000110011111101100101
10111100101101011010011010000100
11111010111110011101000101100000
11100100011101000100011000111110
00000001100100001010001111111100
01001111011100010011101000110111
11111100110000000111100010101110
10000100011101110011100011010100
00010111100000111100000001010110
10100011110101010001000010110011
00111011001110110001011000100001
11000101101101110100000111001101
11000111111010000000011100010101
10101010100001011101100110110110
10110001101101000000000001110101
00111100010100101101010001011110
10000110011000110001101100111001
00011011001011000100010100110100
11000011111111101001010011001100
10000000010111000100001110101001
10001111110101010110100100100011
11011000100101000011101110101010
01111001011110110011010000001100
11000101000101001101100011110100
10010101111011001110100000100010
10000011000000110101110000111010
01111001011100000101000001011010
10010010101101011010100100001011
01000101001001110000110000110000
11010100000000011110001010111010
10110100010110001101011100011101
11010001100101110000010101011101
10000101101001001100010111000011
10001100011101110110100110011110
10100100100010101101001101011101
01010101101010000100011010101100
11100001100110011100100011010100
01110000010000110111101101000011
00001001110100001010001011010000
10001100111100010001100101100100
01110001000010011110110011001011
01000110101001001011000111001101
00100010101111010011001100011101
00110001010101110001011001100101
00100100010111110100100100101010
10100100101011001000001000001001
11000011110111000010101110111001
00010001110111000000101000111001
11101101110000101010010110010011
00111101110000001001101000010011
00100111101000100100000000100101
01010100101010101001100100100011
00111000001000010001001011111111
10101100010100010111011100010100
00100010010100111111010110001010
00000110000101100010100000111100
11101001111011110010001100000100
10100000110100111010011110111100
10110001110010111100000111010101
11010010111111001000100000001001
01001100101110010010100100101100
00001110111000101111000111101101
00011001110100010010111111110101
00011001111110010101011001100010
11110001010010101111100101011110
10000111101010001100111100010010
10001101001010111110110111100010
01111110000101000011011001110010
00100110110100011101010110100101
00010000110100010001000011101010
10011111011011000111010101000011
10011101100011101000101100000110
00001001010101110110110010111001
11110111110000010000010000000100
00100100110001000011101010100110
11011010000111010101010011011010
00000011010111110010101111011011
00001001100001100000101110101100
10100101001110011010101000010011
00110110100111001100010001000010
01001110001110001111001111000001
01100111111101101000011101010101
00100011011001101001111000110010
01110001010100001010000100000100
11101110101101110010101101010011
11110010000101101000001100000110
00111101010000111001101011011100
01000110001110011010001011010011
01110110111111011010000001011001
01110001110000000101110111001011
00100001111110010101100110010110
01011010100100011000011001001111
00111110100010011101110101101011
01000110001110011011110011111010
00100111100100110001111000101001
11010011100100101011101000000101
00101001001011100001100100111100
01000110010001100010001100010110
10101010000011100000010000111011
00010101110110111110011101100010
00011100110111100101011100010000
10000001011100011110001001010011
01110101110110000100100000111011
11011001111001101000001011110001
01111011000111000101011011110010
00010000110010010111100111011101
10000111000101101110101111010110
11111110010110011101010100000000
10101110011110011001110101111000
10000011000100101010000001100000
10001000001111100110001010101101
10100111000011101000100001010100
10110001001101011100000001010101
01011101101110111100100100100100
11001101000110010000110001100010
00001010101001110011000011101101
00010100111100010100011000101011
10000111001101000110100010000000
00000111010001100111100100001010
00001000001100111101110111101010
00010101011010100110110010000000
01101010100001101100001110010101
01111001011100000111010111011100
00101010100001000100101100100110
11101101110001001011100000101100
10000110111011100010000110001101
00010101111001111000101011001001
01011001010101010011000100001110
00110101110000110010110011111100
10101010101111010000011110110100
01110010101001100010010010010001
01111000000110001100001100100010
10111101001010000010101111110101
11110101010111100111110101100011
01000011011100001000110101000011
10010000011010011010100111100001
10010111000000111010101011010001
00011000001101100001100001001001
00100100110010101100100000101011
11001111011011100010100111100101
00000111011101000010100000100111
11110111010101001111001010111011
10100011101000100110100001001100
10010110100010011100001001101010
10100111101010100110001000011001
11000011000001000001111001000111
11110101100111001000110000111100
11100000100000111101100111111111
10101010111001000000000001100001
11001000000111001110111011110010
00110110111001000001001001110000
11110111100010101100011100110111
00000111010111110100101111110010
01100101011000100101001001001000
10100100101100000011101101000000
10101001001001001001001011101100
00111100011000010010010010010010
01001000000000010010010010010010
01001000000000010010010010010010
01001000000000010010010010010010
01001000000000010010101110010110
01001100101110111001111100010000
00110101100001000000111000100100
10111000110100000000000000110011
00100101010100110100011101111011
00011100000000011000111001011010
01111000101100111110100011100110
10010011111010000000101001001101
11010010001010100000101011100100
10010011001110100110010010100011
10011001001100100001101011100001
01001010100111110000111010100011
10010010110111011001011110000110
00001110100010000011010110111001
00001001101111101101000100000100
10000011100011100011010100011010
01100010001010011111011101000101
10100110011001010100101111000101
01000111000001011000110010110111
00111010100100101101001101101000
11101001100101101110001110011011
10111010110111110100001001001111
10100010100011011111110110101011
10100011101010001110011000111000
01111111000100100011111010101000
01101001101100111110001110011010
11010101111101110011100010110101
10100010101000000011101100011100
10011100111000011000100011111111
10010101110101000000101100101000
00110110000111010101111100010000
11011111101011100101011110011100
11101110000000110101110000110011
10101001111111001010011101011011
00001010110111011000011101100000
01011010010011010111101001111001
10011001110101101011010000010111
00011110000000010101010010110011
01101100101100100000000001111001
10100001000001010101010111101101
01101100000110111001011101011010
00110010001001010100010110110011
01000010100011001110010110111110
11000010011100001010111110010111
11100101010001110000101011011110
01111011000011011110000001110000
11010011000000111111011101010100
10100001010110001010110110001000
00101010010011010010100011101100
11001110001000001101001100110001
01001101000101110111000110101100
11001000011000000011010110001101
11001100000111000101110000000000
10101001101011110100010110100010
11100000110010011101110110011011
01111011000011101101011001101100
01111000001100010101100001000101
00001011111000011011100110101110
00011101010110001110101110100101
01100011011001010010000100000000
11010010011110001110000000001111
10001000111111111000000010001100
01110110010011100101010111001100
10001100000000111000111000001110
00010111010011111101101010101010
10010100010101100000000000011100
00111000100001111011100110100111
10011101000010001010011110100010
01101001111100000100001101011100
10010000010101010010010011001001
11101010101011001100100010101101
01101000000111101110101010110001
00101101101110100001010101101011
01000011011101111100010101011010
10010111110111010001110100010011
00000110010010110100010010010011
00100111010011000100011100110001
00110010001010000100010110011001
11111010101011100100010111100010
00011100000010100001000101100101
11111110101000111011101010100000
00000010111011100100000001100111
00110111100010100011110011100100
00000110011010110111100010101100
01110011000111010111110100100111
00101100101011100101001001001110
01010010010110000001110110100000
01100100100101001101001100010010
11000101100110011010100001010111
01011010011101111100000111100011
10110100110101101100110001001001
00100100100100100110001000010010
01111010101001100100100100000000
00100100100100100100100100000000
00100100100100100100100100000000
00100100010011111011001101010011
00000001100100110011000011001001
00110100000001001001011010011111
11100100000010110100011110101001
00001000011000100100100001100011
01001110100111011001111010011011
01101001110010100000000000000100
01000000001100010000111101101001
11100111010011001000100001000101
11100100011000101000001000010110
01100010110000011011011011000100
01101000000001100001110001000111
00001101101000110100010100000101
01111110001000000011001001110111
00110011110000010001000110110011
01100011010100110000010111001101
00101101100111010001110110101010
01001010010110111001101001100001
00100011011110000110011111100100
10111000011011011000001011001010
11010100110101011100011111111011
10001010111010100100101001110000
00000001100010101110101000100101
10100001010011110001010101010110
10101000001010001110001001100100
11010010100011010001100100001101
00010000010011101101011111100010
11010110100111100110100010001011
10100010010101001000001001110101
01010101001110110100100011010110
00010110010100000001000110010110
00001010010100010101010001010001
10110001111000100000101110010111
01101001110101111010101010111100
01100101001000011110111100111001
10110101111001001011001110010110
01111100110010010110000111100100
10001100110011001100111000001011
10110101000001110000101000100110
01001101000101100110110011011000
10011110111100001011101010010100
00000011001011110010010110011111
01110001011101100011011110101010
00001011100111000101110101000011
10011110001110101010101110010110
01110100111101010100001110111100
01010101001101111011110010010011
01010011100110101101001000111011
10011000110011011101000111000010
01110100110001010010010110100001
10001001010110101101000100111101
11011111000101010110111000000000
11101110100011101000101010011101
10100011100100001110101010101110
11000001110111010000100000010011
00111011010011101001100100101010
10100110001000111001100010111001
00010100001001101100100011011111
01110111010101000101101000110001
11000000101000010101011000111110
11110011101110101010000001100001
01010111011001001000000011001101
01101111000101000111110111111001
00100000000100110001101111000101
01100001100110001110110011101001
00111001011001000010010100100100
10001010010010110001001110101100
00010010111010001010010010001010
00010010101110000101110100110010
10010101000101011100100100010111
10001001000101100000101110011100
11000010110001101101000000110111
00110001101010101110101001101111
01001111011000111100101010001100
01011100100000010100111010000010
11100000000000010010001100000010
10100011010110101001100011101111
10000110111001100101111110111011
01000000001100101101000010100000
11110001000110110000100111001101
01110011110010111010100011101110
00000001010001000111001001011111
01100001101111000111010010111001
00000111001001001001001001001011
01010011001100010010010010010010
01001000000000010010010010111011
01100011010101110010010100000000
00110010010010010010010010000000
00011100000001011011101110110010
11100011110111100110001100011111
10101000000101011110101010110000
11001100000010110101110111011001
11110111110101100000101101111001
00010010001111010110101000111101
00001010110010110010101011011000
11011011000010111101110011010100
11001011010001100010100010000100
10010100000100000100110111100111
10011110100000010000100110010100
00111000001010010001101011101000
10100100111101110101101110000000
11001100100100110100111100100101
10010100010011101001000010000101
10100111001000001100011111010001
11001101011110111110000110010001
11000001101001000001000001111010
10000010000101100111001001111110
01010010001000111000100111101111
01011110000000111100000100011101
01101011111000101101001100001000
00100100100111111101110011011111
11001010000111110011011100110001
00011100000000100001101100000110
10010101110011001001101110111111
10010101011111001111011000011010
01001100110011111011110110110111
01110101000010010011101000101001
10100101001010111000001001111000
11100101111011100011110111101010
00001110100110001010100011011110
00101000100100110010011110000011
10111001000010101000001001111100
01111111000010101100100101001010
01001110010111011100010110100101
11000001101001001000110010101010
00000001001010100100111101100111
01111111110010101110111100100010
10110100100001010101000111001111
10010001110110110010000100101001
11010100101111101100101011111111
10010001110111100100010100110001
10010111011110001111100001011101
11100100010101011101101000110011
00000111110110100101100100001110
10101010111111000010110111010001
11010001010100001011010011111000
01110101010101111110000101100100
00010011000100110011101000001001
11010011001001110100110000001110
00100011011011101001010000100110
11000100000111011110011101110101
01000101101001100011011101001111
01000100001010101100010011001101
11011101010010100000000000101101
00010011100010100000000100110011
10111100010100011111100010011001
00010101100111111001100011011110
00101011000011001100011101100111
01001001110111001000010010100100
10010001001010010010110010001110
11000000010001010001001111010000
10100100000110000111010000101001
11110110011011101101000010101110
10111011001111000111101001100100
11001111100110110111100101100000
10000110010011110111010000101010
11110100010111011000100000101110
11010000101011101000010010101011
11111110010100101001001010100101
11000000111010100100111110110001
00011101110101001010111010101011
00000010010001011111101000101110
10000101100111010001001101000100
01011010000111101000100101111000
00101010001001001010111001111111
01001101011110101110110110110110
01011011111101010000100101101010
10001111100100011111101000111001
00111110100101100101001000111001
00101110000100010100111111101001
00101110111110011000001011101001
10010110001111101010111101000110
10111000111110010001111110100001
10010011111010010000010010100111
00000001000110000110110110001110
11011111100111010001001110110010
11111011001011100010001000011011
11011101111010111000000010001011
11001110110010000101001110001000
00011010100111101000100101111010
10010001111100100000111100000110
01000100101011011010001100111010
01100101110111000001101000011110
01011010010000110101110001001000
01101001001111110001000100011001
11010011010101011010001011101100
10010011110000111001101011111000
01111100010000011010111110000001
11000011111011011110101010001110
01011011110101100101001101100110
00100000100001101011001010001101
10111001111110100110001100100000
00000000110000101110111101001100
00111110100010110000111100101101
00011010001001001011010001010000
01001011010010000111000011000000
10000011100001010100011100010101
00010001100110101100100010011000
00101111110000001110110011011101
01000010011110010110100110100001
01000101001001011101111110000101
00101010100000101100101111001110
01000011100011101101101111001100
00111110000111000100000111100110
10100101100000010011000001011000
01101000111011001011010101011001
11010101000111010000100110000100
11100110011001011110001010010001
01010110111110011010000101101111
10110011101000101001001111011110
01111111100110010011111101000100
01011010000001011010111000000000
10100101010001010001010100011001
10111011010100011011010000101010
10101001000101010110110000010011
00110011001010111011001111111000
10101010101010110011011000010101
01110001001010111001100011010011
00010111100111011000111110010010
10011110011001100110100110101100
01101000011010011100000000001100
01011100011111101000100000100001
10110010010110110011011001110011
01100111011010000101110000010101
00001101011100110001101011010010
00111001110111000000111000000110
10011100011100011111101010101101
01111011111011101001110101111101
01010111100111100100100001001100
10001000101100111100001000101000
00000110111010001010100111100111
01000110101101101110100011111011
00101101110111000000100110010110
10010001010110100001111100010101
10010110011111011010010010111111
01000011000110001111011100011101
11010010110011011110000111111001
01010000101110100001000100011001
00101011000011101001100001101010
10001101110100010100001011000100
10100010101001000111100001000001
11011000001111011010000111000011
11111011100001111101000010101010
11010001011001000000010100101010
11001111001000111111011000101000
10000011110111000000101010101110
01001101001100010000101011100011
10010010010100011110000110001001
10100100110000010110010110110100
11000000101001001000100111000110
10000010000111100011000011011110
11100000011101011110010001010000
11000010001010011000001011101110
11000111100100010100110100011000
10110101010001000101001100011011
10100111101000100001100101100001
11100110111011101010010100010011
10011001110111010010100001100101
10000101111100010111010100101010
11000000001010010001001100100010
10110011111100011111011110001010
11010000010001011100100010101100
11111100011011011110001010110000
11001101110110001110110011101001
00111011100100010001010010010011
00010100110010110010001110101100
10111000000000000001110000010011
11010100001000000111111011010110
11111101010100110001100110010111
01101010101010111101000101111110
01001100101111011110010000111100
00000111011011110000010011111011
01000100000000110110110011101101
01001010011011011010101110110101
00101000111101000001111110010001
01111011110110001111100000110100
00011011010011100110100111110110
10100011010101011001111010111110
11101101010010100101010101110111
00110100011110100001111101110001
01111011111001011111010010011010
00011101101100001101010100110001
10001110110111010101011001111110
11101011101110011010011111011001
10111001001111110110111111110111
00001111011111011111111010100001
11011111011010000110111010101001
10001100110110110011010101000000
11110110001011100101101000111110
11001011111101100111010010111101
11000010001011000110011011111011
10110001100010110101101001110000
11011010000111100001111111000111
11101010100101001011000011000110
00101010110110110001011110111101
10010111011010001000011011111011
00111101011000101110110101000000
10001011000100000101001000010110
01100000000111000000101111111111
00001101111001111100010101101000
01100110101000101000110000011010
11010000000000110101101000110010
00011001011110000111001001011100
01000101100010000100111111011000
01110000111100100101000011000100
11001011000101011100101011001100
11110010011001001001010011011101
10110010101101011001111100011010
10101100111100010111000011110010
01110001010100001101101010110110
01110100001110001100001011101100
01000001111110110101110000110011
00000111101010101000001001000110
00100101000111101111011000001100
10101010010010001110010111000000
10100010100011000000000111000010
10000101010001011011010011101101
00001011100100111100111101101101
00011011001001100011110010110011
10101111000000100110111011110000
01111011011010111110101110100010
01111000001111011010000010001010
00110000011101010001110111010111
00000010101101111010110100110100
00110111000111011100011100101010
11110001111001011101010100001010
10110100111110110010110100001010
00100101010010110011110111011011
10111001011011101001111010101101
11111100001011101010100001110101
00001001111011010011010001100100
11100010110101111100010110011001
10110111110110101110110001110111
00000111001101111010000110101010
10000100110110100110000001111100
11000101011101110001111110110011
00110011001011010011010000001100
00001110111001100001110000111110
11110100010100010111111101000000
10011001111111110110100111011110
01101101111111001010110111111111
00101111110010001011010111001100
01101000101101101011011111001010
11011111001101010100001000110100
01110111001110001101010111000110
10101000100011111111101001111010
01100111111111011010001111100110
11001111110010101001001000011111
01100110111000110101010001011111
10111010110000011100010011010100
00010011111000000000001000010100
10110001110001111011100100101101
11001010010000010010111011000100
01000000011101111011110010001010
00101011110000011000001010000010
10111001111000100111111011001011
01001111111011001111000101001001
11001100110100111001101010100101
01100111001111100001110000010110
10110101100100001110101000000000
11110001101010010011100110010011
11001101010111101111111010110000
10111000111100100100111101010100
10101100110100100010101010010001
00100011001001001001110111000101
01001010011001010001010101010111
01011010111010100001011111011010
01100101010010001100101111000110
00000111001101010000110001000110
10101010000011101001111000100101
01110001101101110111000101001100
00001011101011010111010100111110
11001010011010011111100000011011
01000110000010001100110111001100
01100000111100011101001110001010
00011010111001111001000110011010
10111011011001110100110111011101
01111101000011101110101111110000
10100111000010101001110010111110
11100001010111000010011011100010
11101100100101101010110000010111
00110101101110100111101000100001
10010110000101111100010111010100
10100011011101101101110010111101
11001011110000000110010001000101
01000111010001000000111011000001
11001001110111010100101011110100
00010011010011010101101000110010
00001010010001010011100000010101
10011110100011000111000100101000
11111100011000111000000101011001
11111000101110011001010110000110
01101110110001110110011101001001
11011100100011001010010010010001
01001100101100110011101010001010
11111011001100011010001001111011
10000011010001001110100111010111
01011001111001000000110101110100
00100101010001001110100100100000
00000101010001001001001001001001
00000000001110100100000100100100
01101011101100110001011001111110
11010010001001011111011110001010
10110001100111000000111001001110
01110111000000011101000001100111
11100100101001100101001001001001
01011011000110100000100111011000
00010110000000000000110100010001
10100011001101101010010011100010
11000110000111001000011010001110
01110000111000111101000101101000
00001011101010111001101001100111
01000100001001001101010010100101
01010101111001111110010010011011
10010011101101100110110010010101
00001110000111010101010100000100
01110101001000101000001001101001
11011000001011001001100101000000
10001001010110001001010010001110
01111001100000101000100101001001
01000110110011000001110011000001
11110100001110010001010000100100
10000011100000111000011001100000
11111010011010001010110101011111
00111000001111011011100110001100
11000110101000110100010011011000
11000010101100110111000011101111
00110111000011001100011110100001
11100000101110001001001110011001
10111100110111000111001100011000
00010001110011000010111011100101
01100010000001110000101011101010
00010101001010011000111101110110
11111011110111110000100111000000
11111110010101001000100000100100
01011010000010101000010111001100
00111101010101110100110100101010
01000110100110101111010101000111
00000011001010111000100001110101
11010101011100101111100101101010
10101011111011001100111010000101
01011001001100100100001100110110
10011010111100100101010010000100
01100111011000110101100101100100
11100010001100000101010100011101
00101010111000011001101011010100
00011001011000111100010100101101
10000011011100100010000100110001
00011001100000010000010101110110
00100101010011110100010110100000
01111100100100001110000010101010
01000101100101100011101000100110
00000101001010000111001000000011
01010101110100111110010001001111
00000100110100110010110100101101
01101001011101101000000010011111
00100100111100010001110100010010
00011011100010110001111101001011
11000011001110100001000011100001
11010101101011100001100000111000
01110011000010101010100111010101
10001000100001110110011001101000
01011010010001100010001111010100
00101010111100011100100111011001
00010111000011001101101111110110
00110101000111110111010001100001
10010011000101111001101101011011
10100001110001000111000011100011
01001110010010000111110001110111
00110000101101100010000101100001
11000000101101110001011010011110
00000100011111111000010100000000
01011001101101011011110111100100
00000010111000011001101101000000
01110111100000010001100011111101
01010110010111101100001011001000
11110101001010110100011101100100
11000100000001011000110000000111
00100111001101101110100111111010
00100000011100100111001010000110
00010011111000100100001100111111
00001011100011010011100110001100
11000001111100100101110101011000
00100101011010101000110011100100
10001011010100011000111000000101
00000000100010111001100101000111
10100011000111000000101000000001
00010011001100101001111001011110
01010001110101011101001011110111
00111001001001010011001001000100
10100100101100110011101010000100
00100101110010100111111101100110
00101010110100000010100111101010
10111011001010001111000111001010
11000010010110001010111010000100
10101111001101010110001010101001
01010101000000000100001000100101
00000110101010111010000100101010
00010100110101010100101010101000
00000010001001101100101010000101
10110001100100001001011100010000
11011000110101100000110010000000
11110101110011001001111100110101
10011001100100100110010111101000
10001101000111001100011110100110
00100101011010110001100010111001
01111010100110010111000010001101
00100000100010010001001000100101
00110101010100110001001010111000
01011001101010001100111001110010
10001110001001100100100100111001
11001011100100100111100000100100
00110000011000000001010000101110
01100001111000011000100011101000
01010100010011000111100100000100
10001101011100100101001111001110
11100000010000111111010000110100
00111101000010101110000010110100
00010111001010110000000010000100
10000011100010000011110010001000
11110101010101100110011110100001
10000111001101101000101010001100
10000100010011001101101001110011
00000111111111101001000101001010
01010111001101010001110111000110
01010101101100111110101001000101
00011111010100000100011110101000
11100000010101011000001011010010
00110001010111010100010001101111
00010100111010101001101000100100
01000010001001010101010110011001
01101000111101000101010110001011
01000001110001110010001010111001
01101011101111001101001000011000
01011000010011000101011100000010
10111000011110110111010001010101
11011000111010111100001110011010
11100111011010000100001010100010
01001001010010101000110010010101
11011000100010100000101001100010
11010100110000001000101000100011
01011010111000000100000100000011
00011100000101010101100110101001
10001000001000100001010000100011
00110000111110001000110110000110
11100000111000001110100010100101
10010000111010010000101000111100
00110110100001101001000100000110
00011100001100100000101111000011
11011011000011011010110000100101
11111000000011001111001100101010
11100101000100001010101101000001
11010000100000110010001011000001
10001100110110111100110101111011
10011000111101100000000100001100
00010111010111101100100011010010
00100101010000111001100011011100
00000101011010011111001100101101
11110000001111011110100110010011
00100001111000001011000010110100
11011110000110000001000101001010
10001010100000110100101010001010
10001010000100011001100010100001
01010100111011011101001000101110
10111101110000000000000001101110
11100110001100001011110011010111
01100100011110101010010100001110
00111100010101100011010001000110
10111010110100110000111010110100
00110100000001101111010111000011
10000000001011100010010010011010
10001100001010111110001010111011
11101101010000110100011011000101
10100100011000010101101010001111
00000011010001110110000010001001
11000101001001111011000000100110
01010011100100011000100101001000
01101100001101011101110101110001
00011110011101000010001111101110
10001000110110101111000001000001
10100100010100011101000011111101
10010000001110010101011101010001
10101110000111111011010011111101
01010110100000100101001000101000
01111011010010110100111001000111
00001111001101010011000010010110
10011001010110001110010010000000
10010001100011100000010100000001
10001000011100010010101101000001
00111001000011001011010010111001
10100111100001111010101011001111
01000100110011001010111010001100
10011011110100011011111101001011
11000011001110010010100100100110
00101001001011001100111010010011
10110110010001010101001100110101
11100001000011000110100101011101
10000111001011101001110101110100
01111001011110100100001010000001
11000011010101001111011110000010
00010100111001111001101001010101
00011000101100000110110001011000
10010011001101000010110100100010
10000100100100010100000001000101
11100001010011100101101000101010
10001011011100101110000100001001
10100100101110010011100010111110
00010111010010110100111011001110
11000011100101101011100000000111
10010110101101000001110010001001
01110110000111010000100100001000
10000000111011000011101110110101
01101001000111001000101011010101
01100011100100011001111010110100
01100110101011000010100001110101
01111001001110100000111110101010
11010001100000001011100110001001
01100010111110110011001110101110
11100001010101110000101011100001
10001110101000010111011010111100
11011110101001111110011011010001
11010001100011111000000100101110
01011100101110100010101110000010
11011111000001011100101001101000
01000110111000001011100000101111
00001011101100110001000000101010
01110011010100011100001101101001
10100001111000111010001000000000
10001010011011001000001001001011
01110101110000111100011110000010
10101111001000101110101010010001
01011100110001010001001101000100
10001101010101110011101111110110
10000011111000101101010011110010
01001101111011111001001111000010
10111111010101010101110110000000
10110110111111101110110001010000
01111000000101000110000110111001
00101010010100111001000001110000
00101110110100000010101110010000
11001111011101000001111001001010
01011000000111011010111010000100
00110011010011001001011100110000
10011100101011110011000111111100
00010101001000010001010001001000
01011100101110011011111001101010
11100100010010000100101000110111
00110001000101000000010000110000
11100010010100010101101001110000
10101000010101001101110000010100
10110000100111111100000100001000
00001110010010110011010001001001
10010001000010000101001110000011
10001010010011110110000000101010
10101000010000100110101110101010
10000111110110101101000110011101
00001001101110110101011011100110
11010000111001101001110000000001
00110111010111100010100001101001
01010000011010000110101101001100
01000110001010101101000101100001
00011001001001110111100000001111
00010111010111000000000100011010
00010101010100010111101001011101
10001001101000100001100001001101
00010111000110101101001000110000
10111010000000010001111000001000
01100101101111110000101011101100
10110011000110110101101011010001
11110100000001111001010100001101
00000111100101010001000101111000
10101100011010011110001101000101
01000110110111011000000000001100
10111001101000011010110100011100
11010011110100111000011111011101
01010000011101110011001011110000
11011111101111000011101000000100
01001010110011101001100010100001
10100010000100110000100011010110
11110001110101011101111101000101
00101100001001111101000010101001
01101000101000001111110110100111
00000011011010001100101111000011
01111000000011110011000010110001
01110001000011100010010101101011
11100100111001101111001011100100
10000011011101101000111001000010
11100011101101101000110111011101
01110111101000010101101001000110
01010111101100011010111000000111
01001110100000001110010100100101
11001001001010010010101100111010
00001010101000010111011000010010
01001001011010101100111100111101
00001101000100001110000111100010
10001011001110011100010110100010
00010001011010011011101001110110
01101101110001000110000110101110
10001001100100100101101101000000
11000110010111001000011001100001
01000111011111011100110111100111
01111001100101011010001110110001
01100011101110101000001110111100
11101111001100101001001001001011
01110100010000110010110001001111
10111000100101111000101010011010
11110111010001100110101000011010
00100100100100101111001001111010
10011111111100100011001110100110
00011100001000011101010101001001
10100100100100100101110011101100
11010000000111111111000100101000
10100010100011110111010011100100
10010010010101000010001010011100
10011110011011101111111111100110
01111110110010101111110010001000
11000011111110011011011111101000
00010011001001001001101100000000
11001100111010001111011101101110
11101000010101001000001100100001
11010001001001001001010000110000
00111011100001100011000101010111
10101001100000000100100100100101
01010001000100110001110110000011
00000101110010110100001001110100
10010011011000000100001100110000
00010100000011010001100010100100
10010010000110000001001100111100
01100100101010111111000101001100
10010010011000100010110100110101
01110011000100010010010010010011
00000010101011010001010001010110
11000000111111111100011010001001
11010000011111010100001001001001
00101010010000100011000101110010
10011011100111100010010101001010
11011100110100110010010010000111
11001001011010001011110100000011
00110000100010011100111100001010
11001011110001001010111111001010
10010010010010010010111001000001
01110010100011000011100100101001
00100100100100101110100000111010
11001111