10000110110110010111110011100101
01000010100010110011101100010100
11100010101010100111100111101010
01010001110110111000110001010011
11111100001111101000101101100011
10110101011010000010011110101100
01101001111010001101011111100101
10001011101111000100000011101101
01010101010000010100110100101101
00011101100010110111001110010010
01110001110001110001110111000111
10000111111101010111010010101001
01000001011000101111111010111001
10111111111100111010010111000010
10011111011000010010010110010101
00011110010010000111010100110010
10100001110110011010101010111111
11110000010010101111000111000110
11001011110001010110011110011100
10000101111101101101001000111110
11011011011110100000110100100011
01001000111100110001101001111010
01001010001010111010001100100000
00001001110000000001010000100110
11000000111000100000110001010011
01010100100110011110101100111001
00111010111001000011111010110110
10000001101001110110101100100110
10010010110101101011101101000111
00010111110101011100011010110100
01101000011001110111011101100011
00000110110110111110011111010100
11000011101011110011000111010101
10100011110101111001010100111000
01111100010101100111001110101000
10110111011110000100101100110100
10110011011100101101110100111011
01001110001100010000111010010011
00101001010101000101010011111110
10001101101111000010101111011000

