00 0 2
10 1 2
001 2 3
0101 3 4
1101 17 4
00011 4 5
10011 5 5
01011 33 5
11011 49 5
000111 6 6
100111 18 6
010111 65 6
110111 81 6
0001111 7 7
1001111 97 7
0101111 113 7
01101111 19 8
11101111 34 8
00011111 50 8
10011111 129 8
001011111 8 9
101011111 20 9
011011111 66 9
111011111 145 9
000111111 161 9
100111111 177 9
010111111 193 9
0110111111 9 10
1110111111 35 10
0001111111 51 10
1001111111 82 10
0101111111 240 10
01101111111 21 11
11101111111 98 11
00011111111 114 11
10011111111 209 11
001011111111 10 12
101011111111 22 12
011011111111 36 12
111011111111 52 12
00000111111111 225 14
010000111111111 37 15
110000111111111 241 15
0001000111111111 23 16
1001000111111111 24 16
0101000111111111 25 16
1101000111111111 26 16
0011000111111111 38 16
1011000111111111 39 16
0111000111111111 40 16
1111000111111111 41 16
0000100111111111 42 16
1000100111111111 53 16
0100100111111111 54 16
1100100111111111 55 16
0010100111111111 56 16
1010100111111111 57 16
0110100111111111 58 16
1110100111111111 67 16
0001100111111111 68 16
1001100111111111 69 16
0101100111111111 70 16
1101100111111111 71 16
0011100111111111 72 16
1011100111111111 73 16
0111100111111111 74 16
1111100111111111 83 16
0000010111111111 84 16
1000010111111111 85 16
0100010111111111 86 16
1100010111111111 87 16
0010010111111111 88 16
1010010111111111 89 16
0110010111111111 90 16
1110010111111111 99 16
0001010111111111 100 16
1001010111111111 101 16
0101010111111111 102 16
1101010111111111 103 16
0011010111111111 104 16
1011010111111111 105 16
0111010111111111 106 16
1111010111111111 115 16
0000110111111111 116 16
1000110111111111 117 16
0100110111111111 118 16
1100110111111111 119 16
0010110111111111 120 16
1010110111111111 121 16
0110110111111111 122 16
1110110111111111 130 16
0001110111111111 131 16
1001110111111111 132 16
0101110111111111 133 16
1101110111111111 134 16
0011110111111111 135 16
1011110111111111 136 16
0111110111111111 137 16
1111110111111111 138 16
0000001111111111 146 16
1000001111111111 147 16
0100001111111111 148 16
1100001111111111 149 16
0010001111111111 150 16
1010001111111111 151 16
0110001111111111 152 16
1110001111111111 153 16
0001001111111111 154 16
1001001111111111 162 16
0101001111111111 163 16
1101001111111111 164 16
0011001111111111 165 16
1011001111111111 166 16
0111001111111111 167 16
1111001111111111 168 16
0000101111111111 169 16
1000101111111111 170 16
0100101111111111 178 16
1100101111111111 179 16
0010101111111111 180 16
1010101111111111 181 16
0110101111111111 182 16
1110101111111111 183 16
0001101111111111 184 16
1001101111111111 185 16
0101101111111111 186 16
1101101111111111 194 16
0011101111111111 195 16
1011101111111111 196 16
0111101111111111 197 16
1111101111111111 198 16
0000011111111111 199 16
1000011111111111 200 16
0100011111111111 201 16
1100011111111111 202 16
0010011111111111 210 16
1010011111111111 211 16
0110011111111111 212 16
1110011111111111 213 16
0001011111111111 214 16
1001011111111111 215 16
0101011111111111 216 16
1101011111111111 217 16
0011011111111111 218 16
1011011111111111 226 16
0111011111111111 227 16
1111011111111111 228 16
0000111111111111 229 16
1000111111111111 230 16
0100111111111111 231 16
1100111111111111 232 16
0010111111111111 233 16
1010111111111111 234 16
0110111111111111 242 16
1110111111111111 243 16
0001111111111111 244 16
1001111111111111 245 16
0101111111111111 246 16
1101111111111111 247 16
0011111111111111 248 16
1011111111111111 249 16
0111111111111111 250 16
