01000101000101000101000000101111
01000101000101000101000000000001
11111111011110100101010000000001
01011111111000111111110011010011
11011110111011010101001010101010
11111000111111110011010011111111
11001111110101001010101010010111
01111111101111111111011100111111
11100010010011111101001111100101
10100000101000011111010010111010
10001010011110101000101000101000
10001111111110001110111000100110
11100001110111111111010010110111
11110110101000000110101010011111
00101101111000111111111000111011
10100111111110000111011111111101
11100000010111111010100000011010
11110101010000001111111101100000
11100001111100010011111101010101
11001010110001111111110101000111
10001010000110011111111000101111
11100100011011111010100010100010
00111101100010101010000001010011
10111011111111000011101011111111
11001111011000101010101111010101
01101110111111110000111010111111
11111111000001000111101000111101
01001011000101010111111001001110
01000101111010100010001111101001
01110000100001111101010001010001
11111100011101110001010100000101
11101111111110100101101111000111
01010100100101010100111111110000
01101111000111111111000111011100
00111111110000111011111111101001
10001111111101000011111011010101
11001100111111010101011110000111
11001111011111111110000011100101
11001111110100100011111111110010
01010001010001010001011000001100
10100001011111110011010110111111
00000001010001010001010001010000
01110101111111100111101100010100
01011110101010110111011111111000
00011101011111111001111010001101
11010111101010101101110111111110
10111111111010110011010111001111
10011011100101011110010101101111
10100010100000101000011111110010
10001010011110011110101000101000
00111100011111111111111101011010
00011001111111000011111100100101
11111101010110110101101000110101
11111100100101001111000111111111
01101000110101000110011111110000
11111111000001111110001011111101
10110001111111111001100011101111
11100000011111001000101001111111
11000100111110111111110101010001
00001101100111111010100001111111
01010111110101000101000101000101
00010100010100000101100111110001
01010101011111000000000101000101
01001111110101000101000101000101
01000101000101000001110111000101
11011110100101010000000001010001
11111000111111110011010011111111
10111011010101001010101010010111
00111111110011010011111111110111
11110101001010101010010111111110
11101111111111011100111111110011
10010011111101001111100101011111
00101000011111010010111010111000
10011110101000101000101000101000
11111110001110111000100110100010
01110111111111010010110111100011
10101000000110101010011111111000
01111000111111111000111011111101
11111110000111011111111101001011
00010111111010100000011010101001
01010000001111111101100000111000
01111100010011111101010101111101
10110001111111110101000111111000
10000110011111111000101111110010
00011011111010100010100010100010
01100010101010000001010011111001
11111111000011101011111111001111
11011000101010101111010101101110
10111111110000111010111111110011
11000001000111101000111101011011
11000101010111111001001110111111
01111010100010001111101001010010
00100001111101010001010001010001
00011101110001010100000101011100
11111110100101101111000111111111
00100101010100111111110000111011
11000111111111000111011100010101
11110000111011111111101001011011
11111101000011111011010101001111
00111111010101011110000111100011
11011111111110000011100101110011
11110100100011111111110010110011
01010001010001011000001100110011
01011111110011010110111111010100
01010001010001010001010000101000
01111111100111101100010100000000
10101010110111011111111000011101
01011111111001111010001101010111
11101010101101110111111110000111
11111010110011010111001111110101
11100101011110010101101111101111
10100000101000011111110010100110
10011110011110101000101000101000
00011111111111111101011010100010
01111111000011111100100101001111
01010110110101101000110101000110
00100101001111000111111111111111
00110101000110011111110000111111
11000001111110001011111101011010
01111111111001100011101111111111
00011111001000101001111111101100
00111110111111110101010001111000
01100111111010100001111111110001
11110101000101000101000101000011
00010100000101100111110001010101
01011111000000000101000101000101
11110101000101000101000101010101
01000101000001110111000101010011
10100101010000000001010001010001
00111111110011010011111111110111
11010101001010101010010111111110
11110011010011111111110111101110
01001010101010010111111110001111
11111111011100111111110011111101
11111101001111100101011111111011
00011111010010111010111000100100
10101000101000101000101000001010
10001110111000100110100010100111
11111111010010110111100011111111
00000110101010011111111000011101
00111111111000111011111101101010
10000111011111111101001011011110
11111010100000011010101001111111
00001111111101100000111000000101
00010011111101010101111101010100
01111111110101000111111000011111
10011111111000101111110010101100
11111010100010100010100010100001
10101010000001010011111001000110
11000011101011111111001111011000
00101010101111010101101110111111
11110000111010111111110011110110
01000111101000111101011011101111
01010111111001001110111111110000
10100010001111101001010010110001
01111101010001010001010001011110
01110001010100000101011100001000
10100101101111000111111111000111
01010100111111110000111011111111
11111111000111011100010101001001
00111011111111101001011011110001
01000011111011010101001111111100
11010101011110000111100011111111
11111110000011100101110011001111
00100011111111110010110011110111
01010001011000001100110011111101
11110011010110111111010100010100
01010001010001010000101000010111
11100111101100010100000000010100
10110111011111111000011101011111
11111001111010001101010111101010
10101101110111111110000111010111
10110011010111001111110101111010
01011110010101101111101111111110
00101000011111110010100110111001
10011110101000101000101000101000
11111111111101011010100010100111
11000011111100100101001111000111
10110101101000110101000110011111
01001111000111111111111111010101
01000110011111110000111111001001
01111110001011111101011010001101
11111001100011101111111111110000
11001000101001111111101100011111
10111111110101010001111000000111
11111010100001111111110001001111
01000101000101000101000011011001
00000101100111110001010101111101
11000000000101000101000101000101
01000101000101000101010101010111
01000001110111000101010011111101
01010000000001010001010001010001
11110011010011111111110111101001
01001010101010010111111110001111
11010011111111110111101110110101
10101010010111111110001111111100
11011100111111110011111101010010
01001111100101011111111011111111
11010010111010111000100100111111
00101000101000101000001010000111
10111000100110100010100111101010
11010010110111100011111111100011
10101010011111111000011101111111
11111000111011111101101010000001
11011111111101001011011110001111
10100000011010101001111111100001
11111101100000111000000101111110
11111101010101111101010100000011
11110101000111111000011111000100
11111000101111110010101100011111
10100010100010100010100001100111
10000001010011111001000110111110
11101011111111001111011000101010
10101111010101101110111111110000
00111010111111110011110110001010
11101000111101011011101111111100
11111001001110111111110000010001
10001111101001010010110001010101
01010001010001010001011110101000
01010100000101011100001000011111
01101111000111111111000111011100
00111111110000111011111111101001
11000111011100010101001001010101
11111111101001011011110001111111
11111011010101001111111100001110
01011110000111100011111111010000
10000011100101110011001111110101
11111111110010110011110111111111
01011000001100110011111101001000
11010110111111010100010100010100
01010001010000101000010111111100
11101100010100000000010100010100
11011111111000011101011111111001
01111010001101010111101010101101
01110111111110000111010111111110
11010111001111110101111010101011
10010101101111101111111110101100
00011111110010100110111001010111
10101000101000101000101000001010
11111101011010100010100111100111
11111100100101001111000111111111
01101000110101000110011111110000
11000111111111111111010101101101
10011111110000111111001001010011
10001011111101011010001101010001
01100011101111111111110000011111
00101001111111101100011111111110
11110101010001111000000111110010
10100001111111110001001111101111
01000101000101000011011001111110
01100111110001010101111101010001
00000101000101000101000101000001
01000101000101010101010111110000
01110111000101010011111101010001
00000001010001010001010001010000
11010011111111110111101001010100
10101010010111111110001111111100
11111111110111101110110101010010
10010111111110001111111100110100
00111111110011111101010010101010
11100101011111111011111111110111
10111010111000100100111111010011
00101000101000001010000111110100
00100110100010100111101010001010
10110111100011111111100011101110
10011111111000011101111111110100
00111011111101101010000001101010
11111101001011011110001111111110
00011010101001111111100001110111
01100000111000000101111110101000
01010101111101010100000011111111
01000111111000011111000100111111
00101111110010101100011111111101
10100010100010100001100111111110
01010011111001000110111110101000
11111111001111011000101010100000
11010101101110111111110000111010
10111111110011110110001010101011
00111101011011101111111100001110
01001110111111110000010001111010
11101001010010110001010101111110
01010001010001011110101000100011
00000101011100001000011111010100
11000111111111000111011100010101
11110000111011111111101001011011
11011100010101001001010101001111
11101001011011110001111111110001
11010101001111111100001110111111
10000111100011111111010000111110
11100101110011001111110101010111
11110010110011110111111111100000
00001100110011111101001000111111
10111111010100010100010100010110
01010000101000010111111100110101
00010100000000010100010100010100
11111000011101011111111001111011
10001101010111101010101101110111
11111110000111010111111110011110
11001111110101111010101011011101
01101111101111111110101100110101
11110010100110111001010111100101
00101000101000101000001010000111
01011010100010100111100111101010
00100101001111000111111111111111
00110101000110011111110000111111
11111111111111010101101101011010
11110000111111001001010011110001
11111101011010001101010001100111
11101111111111110000011111100010
01111111101100011111111110011000
01010001111000000111110010001010
01111111110001001111101111111101
01000101000011011001111110101000
11110001010101111101010001010001
01000101000101000101000001011001
01000101010101010111110000000001
11000101010011111101010001010001
01010001010001010001010000011101
11111111110111101001010100000000
10010111111110001111111100110100
11110111101110110101010010101010
11111110001111111100110100111111
11110011111101010010101010100101
01011111111011111111110111001111
10111000100100111111010011111001
00101000001010000111110100101110
10100010100111101010001010001010
11100011111111100011101110001001
11111000011101111111110100101101
11111101101010000001101010100111
01001011011110001111111110001110
10101001111111100001110111111111
00111000000101111110101000000110
01111101010100000011111111011000
11111000011111000100111111010101
11110010101100011111111101010001
10100010100001100111111110001011
11111001000110111110101000101000
11001111011000101010100000010100
01101110111111110000111010111111
11110011110110001010101011110101
01011011101111111100001110101111
10111111110000010001111010001111
01010010110001010101111110010011
01010001011110101000100011111010
01011100001000011111010100010100
11111111000111011100010101000001
00111011111111101001011011110001
00010101001001010101001111111100
01011011110001111111110001110111
01001111111100001110111111111010
11100011111111010000111110110101
01110011001111110101010111100001
10110011110111111111100000111001
00110011111101001000111111111100
11010100010100010100010110000011
00101000010111111100110101101111
00000000010100010100010100010100
00011101011111111001111011000101
01010111101010101101110111111110
10000111010111111110011110100011
11110101111010101011011101111111
11101111111110101100110101110011
10100110111001010111100101011011
00101000101000001010000111111100
10100010100111100111101010001010
01001111000111111111111111010110
01000110011111110000111111001001
11111111010101101101011010001101
00111111001001010011110001111111
01011010001101010001100111111100
11111111110000011111100010111111
11101100011111111110011000111011
01111000000111110010001010011111
11110001001111101111111101010100
01000011011001111110101000011111
01010101111101010001010001010001
01000101000101000001011001111100
01010101010111110000000001010001
01010011111101010001010001010001
01010001010001010000011101110001
11110111101001010100000000010100
11111110001111111100110100111111
11101110110101010010101010100101
10001111111100110100111111111101
11111101010010101010100101111111
11111011111111110111001111111100
00100100111111010011111001010111
00001010000111110100101110101110
10100111101010001010001010001010
11111111100011101110001001101000
00011101111111110100101101111000
01101010000001101010100111111110
11011110001111111110001110111111
01111111100001110111111111010010
00000101111110101000000110101010
01010100000011111111011000001110
00011111000100111111010101011111
10101100011111111101010001111110
10100001100111111110001011111100
01000110111110101000101000101000
11011000101010100000010100111110
10111111110000111010111111110011
11110110001010101011110101011011
11101111111100001110101111111100
11110000010001111010001111010110
10110001010101111110010011101111
01011110101000100011111010010100
00001000011111010100010100010100
11000111011100010101000001010111
11111111101001011011110001111111
01001001010101001111111100001110
11110001111111110001110111000101
11111100001110111111111010010110
11111111010000111110110101010011
11001111110101010111100001111000
11110111111111100000111001011100
11111101001000111111111100101100
00010100010100010110000011001100
00010111111100110101101111110101
00010100010100010100010100001010
01011111111001111011000101000000
11101010101101110111111110000111
11010111111110011110100011010101
01111010101011011101111111100001
11111110101100110101110011111101
10111001010111100101011011111011
00101000001010000111111100101001
10100111100111101010001010001010
11000111111111111111010110101000
10011111110000111111001001010011
11010101101101011010001101010001
11001001010011110001111111111111
10001101010001100111111100001111
11110000011111100010111111010110
00011111111110011000111011111111
00000111110010001010011111111011
01001111101111111101010100011110
11011001111110101000011111111100
01111101010001010001010001010000
01000101000001011001111100010101
01010111110000000001010001010001
11111111111100111101010001010101
11111110000111111111011010000111
11111100101011110011111001111111
11111111111110001010111111011111
10110100001111111110001011101000
11110011111111111111000011111111
01111110111111111110010101111001
11010111010001111111111111000101
00110101001101111111010111001111
11100110110111110011111111110110
11001110111100010010110111111010
11111100111101010001010000001011
10000111111111011010000111111111
00101011110011111001111111111111
11111110001010111111011111111111
00001111111110001011101000111111
11111111111111000011111111101101
10111111111110010101111001111100
11010001111111111111000101011111
11011000110101001101111111000101
11011110000110110111110011111111
11011010110111001110111100010010
00011111111001101001111111111011
00111010100101010101001011111111
10110101101000111111001110101110
10110110110111011011101001100000
01101011110011000111010010101100
01010111010001111111111100101100
10110010101101000011111111111101
10101100101111100111111111110000
11111001011011111101111111111000
11111110011111101011101000111111
11111011000110101010011110111001
11011011101111110010101111110101
01110101110001001001111110010111
10110101010011110001001010101001
10000111010100010110011101110010
00010110010101101000011111111101
00010101100101111100111111111110
11111111001011011111101111111111
10100001111111110001011101000111
11110011111111111000010110010101
01111110111111111100010101100101
11110101110100011111111111001011
11011000110101001101111111010100
11100101100110110111110011111111
10101101110011101111000100101101
10010110111100011111111100011101
01010011111111000011101111111110
01111111111001001101010000001101
11001110110100010110111001101000
11111101101011010010000111011111
10100101000100111111010011110000
10001111001001100011001011000101
10111111110100101111001111110011
00111100111111111101011011111101
11100010011111011111111101100111
00001110101110111110101100011111
01010010100010001101000001101001
10101100000111001010001010110001
10011001111100010011111101010101
01100110001111010100111011110011
10100001101001000010010101111100
01101011010010010110011101100101
10101001101010001011010101100011
11111111110101101111110110111111
01111101111111110110011100111100
10111111100010110001111111100010
00111100111111111101011011111101
11100010011111011111111101100111
11011111011010111110101100011111
11100000111100011011100101010000
11111111101100110001101010111111
10110101011000100111100000010111
00111010111111110011110110001010
11111100000101011011101111111100
11100111111111101011011111101101
00010011111011111111101100111001
10101011000100110101100011111111
10110110100001101101101000111100
00111011000011110001010101001110
10101000011110000000101001001001
00011110101111011111001010111110
00101101010110000110111110011011
10101111000101001011011000001101
10011001111111000011111001000010
10001010010101111110111110001011
11101010001010110101100010010110
01100101100100001111111110011100
01110100001111001111111111011001
11111111101000011111011111111101
00100001111111110001010101000111
01111001111111111011001011001011
01000011111011111111101011101000
10001111101010101000111111111111
11111110001000111000101011111000
01110110011011111110100011000100
10001011100110001001111111110100
10001111111110001110111000101011
11100001110111111111010010110111
00111111111000000110101010011111
00111111111101100101100101100100
01111101111111110101110100001111
11100101010100011111111111101000
11011000110101010100011110100011
00010100011100110100100110011111
00001101110010010010000001110101
00000111010101001101001010010001
01111001111001100000011101101000
00111110000110110110101100111001
11000001011010101000010001101000
00110011111101011101111000001110
00100011100000011011000011011011
01110011100100001011010111001010
01111110110010110010010010110000
01010110101000101101100011101001
11111110101110100000011011111111
11110111111111100001001011110011
11111110001010000111111111000101
11110011111111101011101000000110
11000101111101111111111000010010
11100111010111111010100001111111
10111111001110111110010111101101
01010011111001101011111111011110
01100100010001000001011111111100
10111111110101011010100010101010
10111100111111111010111010000001
11110001011111011111111110000100
10000001101111111000101000011111
10000100101111001111111110101110
00011111111100010111110111111111
11101111100101111011011110001010
00010100111110011010111111110000
00111001000100010000010111111111
10000111010111111110011110100111
10010101111010101011011101111111
10010010110000110000001000111111
10011111111001000001001011111101
00110000011100000100010110111001
01110001001001100011000100111110
11110101001101010010111100011111
10011101111111000001101010110111
01100011111111000010011111100100
11100101010011001101000001111101
01010010010101110100011110011100
10101101011110011101001011010100
01001010100000001100011100110000
01100101010101100010100101011001
11000101010100010101111010011001
11101111111000001101010110111111
00011111111000010011111100100100
11100000110101011011111110001011
11100001001111110010010011101111
00001101111100001110101100011111
11011111111010110001101110010101
11111100111111111010000011101010
00111111111111111011010010001000
11111110000111111001001010011110
11111101101011010001101010001100
10010001111111011101101101100101
11010001001011010001000010101110
00111010001110111000110101001100
01000011101100101100011011100110
10010011100011010000010110110000
01101111001010001011110010011000
10101000011111111110000101110101
11100111111111000001000111100000
11111101111111110011001011001111
10101000100011111111111001001101
11010001100011000011101011101111
01010010010000111010000111000101
10011111010100111010011110101000
10001001101011011110101111011001
01011010101000100011110110001111
11100110001010100011000100011000
10100101010011101011101110100010
00010111111100111100110100011111
10100001111111110000001011110101
10011111111100000100011110000010
11110111111111001100101100111111
10100010001111111111100100110111
00111100000101010000111111111000
01011001111111001111111110000010
11001001101111111011111111100110
01000101111101010001000111111111
11111110100000111010101101111111
01111000000111100010001111110011
11111100111100011011101001110011
01111111110000001011110101000101
11111100000100011110000010101000
11111111001100101100111111100111
10001111111111100100110111111101
00000101010000111111111000101000
01111111001111111110000010001111
01101111111011111111100110010110
11110001010001000111111111110010
00111111111010000011101010110111
10100111001101111000001000111111
10010100010111111100111100011011
11011000101011011111000011011011
10101111110101101010110111110000
01000101110011111110110000111111
01110010100010110110000101110100
00011011000101011011111000011011
01111111010111110001010110111110
10111010000010111001111111011000
00010010101001001010110110001000
10110101000111011110010011000110
11010100000111111110000011111111
10110101011101011000111101001010
11110011011001011101100101110100
00000010100010110010100011010110
01101110100111010110011011100110
11101010100110000101101110101010
00111001110010010101010011111000
10101000111110101011011100001101
11101000110011110111111111011001
01011100011010110000100101011100
10110010111000100100111111010110
11010100101010011110001110010100
11010111101010001010011100111001
01111110111100110000111111111000
01100001000001011111111100110100
10100101111111101111111111010001
11111110001011101100011111111111
11001101000111111011110011000011
11110100010110000100000101111111
11111111111010010111111110111111
00110110001010011110101110110001
00111111111100011010111010011110
11010111111111011011010000100001
10111010100011001111111101010101
11111011011011000010111010110101
10000111010100011111111111001101
00101011011010100110000101011101
10000111000101010100011000101100
00111100111010010110010001110001
10111010111001110101111111111000
11111011100101000011111111110000
01100111111100111111111100001000
00100110111111101111111111101001
01011011110101000100011111111111
10010101001010001000111101010011
01101101010011100101001001000010
00011011001001110000101111100101
10010011100101100010110001010101
11110011011101011010100100101010
11010000101111010100010110111100
00010001111101110010100001111111
11010010110011111110011111111110
11111110010011011111110111111111
01011001011001111010100010001111
01110010010111100011011110100101
01110011011001011101111010110101
01110010010110101100101101110101
00000001100010110001001000001111
01001010100011000100110100101010
10001001100011100000111001100010
10001100001000110111101010010111
10011000100101100101011000101010
10000110011010010110111100111010
01101000101100101101111010100001
11101000100011111001100111010110
11111111110001000010000100111111
01011001100111111100001001110101
10101101101110110111111101001011
01111110110011100111100111111111
11000100110101100011111111000010
11010111110100100001110110101010
10000011000001000110100110100101
01011101100111111010000001000010
00111010110001111111110010101111
00010100111101111111000110011001
11001110111010101100001101001110
00101100100011101011001101110011
10010110001110011000011101010101
01110011000101110111011101010011
11101101101001111111100101000101
11110110110100111100010100010101
10101011111000000111101010001010
11001111100101001111111011010110
01100001101110100111001101111000
01111111110010001011011110101010
10111111111011100101101111000010
10000101111111111010001010111110
10000001000010100110010101010000
01011100101111100101010001111001
11011100101011001011010010000111
00101000110000001001100111010010
01000001100010010010011001100001
11100100000011000000010010101111
10010101001000011101100110101000
00011000110101011001010010010011
00111001101111010010000111101011
11110011001101101011011011000101
11111100100111010100010111010110
11110010010111000001101000011111
11111111011110111101111100111111
10100011111111111001000011111011
11100000110100001111111110001010
11011110111110011111111110010010
11111100100001111101111111111011
10111111001011110101010100011111
11100111111001110111110010111101
11111011000110101001101111111101
01001101011100110110111110011111
10000111111111110010011101010001
11001111111111001001011100000110
00111110111111111101111011110111
11100010101010001111111111100100
11100100101110000011010000111111
11111110111101111011111001111111
01000111111111110010000111110111
11011111001011110110111100010101
11101100011010100110111111100001
11010000110011011011111001111111
11100001001111111111000001000111
10101010111101011111111100000101
10011101010110010000101111111111
01111010100011111001101101010010
01010111001101011011011010011101
00100101110110100011101010001001
01000010000100001101000101010011
01100001001110000000000000100100
01011010111110010001101111000110
00111000110000001001101011000011
00110101001100111101011000000000
11011111000101101101100111001011
10010101001110010101110100110001
11010101100100001000011010000111
10100010100010111110000100101100
01001100001101001100011010111100
11001011011100110011010100010000
11111111110101100001111100010101
11111111001100101100000010100100
10010100010111111111110101101101
10011111010101000001011111010111
00100101010110100100001111000011
10111100100011110111100001111000
01001101011011101001010101111001
00111011111101100000100000111100
01110111000110100000000010001101
00001001001100011000101001100010
10111101011110111000100101011100
11110000111010000111111111011100
11110011111001111111111111100001
10001010111111011111111111001010
10000000001011101000111111111111
11111001111010100010110000010111
00001111100001110100001111111110
01010111100111110011111111111111
11111100010101111110111111111110
00011111111100010111010001111111
11111111111110000111110000111010
01111111111100101011110011111001
10100011111111111110001010111111
10001011000001011110000000001011
11010000111111111011111001111010
11001111111111111100001111100001
11111011111111111001010111100111
01011101000111111111111100010101
00011111000011101000011111111100
10101111001111100111111111111110
11111000101011111101111111111100
01111000000000101110100011111111
11101010001010001010001010011100
10100010100001011001111000001101
01111010100000000000101000101000
01111111110000000000111111010101
11011111111101111101110111100010
11000101111111111001001001100000
11110101010101001111010101000110
11111111100000000001111110101010
10111111111011111011101111000100
10001011111111110010010011000001
11111101101010100110101010001101
00111111100101001011001101100001
01010001010111000101111100010110
01110111000011001111010100010100
00000001010001010001010001010000
01100011111110110001111101010000
00011110011111000100111111111101
11101110010000110111111111010001
11010101101011000101111111111100
11111011000111110101000100110111
01111100010011111111110101100011
01000011011111111101000100011110
10101100010111111111110011101110
01111101110100111000101111010101
10111011100010101101100010011100
10100010100010100010111000011001
10001010000000101110011101011110
11101011000000000010100010100010
10010101100001010110000111011111
01100001010110000111011111111001
00011111111000110011011000111101
01110011001111111100101111010101
10100001000010001111101101010110
11001010010111110101111100000001
11111000100111000110111001111110
11010000100000101000010100010100
01100111100011010011000000011101
00100100101000010010001100111001
01001100000001110101100100110000
01100001110010101000111011001000
10101110010100010000101111110111
01011001010001100010011000100000
10110000101111000100000000111001
11111011111011001110001000000000
11111110001101100101001011111000
11110110010111001010000011010111
00011011001010010111110001111101
00000000010100000110101111111111
01111111111000111100101010001101
00111100101010000010101000110101
00000000101000110101011111111110
10101100110101011111111001001000
01011111111001001111001010100000
10000000000010100000101011001101
10000000000010100010100010100010
10100000000010100010100010100010
10111101010001010001010001011001
00010100010100001011001111000001
10101111010100000000000101000101
01001111111110000000000111111010
00011011111111101111101110111100
11011000101111111111001001001100
01011110101010101001111010101000
10011111111100000000001111110101
00110111111111011111011101111000
10110001011111111110010010011000
00111111101101010100110101010001
11000111111100101001011001101100
10001010001010111000101111100010
00001110111000011001111010100010
00000000001010001010001010001010
10101100011111110110001111101010
00100011110011111000100111111111
10011101110010000110111111111010
11111010101101011000101111111111
01111111011000111110101000100110
11001111100010011111111110101100
11001000011011111111101000100011
10110101100010111111111110011101
10001111101110100111000101111010
00110111011100010101101100010011
11010100010100010100010111000011
01010001010000000101110011101011
11111101011000000000010100010100
10011000100000001010110000111011
11101110010101011011110001001010
11110101100001010110000111011111
01010100011111111000110011011000
01011001110011001111111100101111
01110010101011000010001111101101
11000101001011110001100011000110
00010000011110011100000000011110
01000011011100000001001010110111
10100101111001011101111110000010
10001001110101110010011010010100
00110001010000100110000000111010
10010001001011010111100111000111
00100101100101011111001001110011
10000001000000010111011010010011
00000000110000000111001011010111
10110010100010000000001010000000
11011001010010111110001111101111
01110010100000110101111111111000
10100101111100011111011111011001
01000001101011111111110001101100
10001111001010100011010000000001
10100000101010001101010111111111
10001101010111111111100011110010
01010111111110010010000000000010
10010011110010101000001010110011
00101000001010110011010101111111
00101000101000101000101000000000
00101000101000101000101000000000
00010100010100010110011010000000
01000010110011110000011011110101
01000000000001010001010001010001
11100000000001111110101010111101
11111011111011101111000100111111
11111111110010010011000001101111
10101010011110101010001101100010
11000000000011111101010101111010
11110111110111011110001001111111
11111111100100100110000011011111
11010101001101010100011011000101
11001010010110011011000011111110
10101110001011111000101100011111
10000110011110101000101000101000
10100010100010100010100000111011
11111101100011111010100000000000
00111110001001111111111010110001
00100001101111111110100010001111
11010110001011111111111001110111
10001111101010001001101111101010
00100111111111101011000111111101
10111111111010001000111100111110
00101111111111100111011100100001
11101001110001011110101011010110
11000101011011000100111000111110
01000101000101110000110011011101
00000001011100111010111101010001
10000000000101000101000101000101
11000010101100001110111111110101
10101100001110111111110011001010
11110001100110110001111010110000
10011111111001011110101010001111
00000100011111011010101100111001
00000001011100000000000000100101
00000001110101000101101001010000
01010001010001010001010000010011
01111101111101100110000100000000
11111111000110110010100101111100
11111011001011100101000001101011
10001101100101001011111000111110
10000000001010000011010111111111
10111111111100011110010101000110
00011110010101000001010100011010
00000000010100011010101111111111
01010110011010101111111100100100
10101111111100100111100101010000
01000000000001010000010101100110
01000000000001010001010001010001
11110000000001010001010001010001

