11110100000010100010100010100010
10000000000010100010100010100010
10000000001010100101111011111111
11001011001111111100011111111010
01010101010010101011011101111011
11111111001011001111111100011111
11101001010101010010101111110011
11111100111011111111110111111110
10100111110010111111001001000111
01011101001011111000010100000101
00010100010100010101111001010001
01100100011101110001111111110001
11101101001011111111101110000111
11111001010101100000010101101111
11011100011111111100011110110100
10111111111011100001111111100101
01011000000101011111101000000111
00000110111111110000001010101111
10101010111111001000111110000111
11100010101111111110001101010011
11110100011111111001100001010001
01000101000101011111011000100111
11001010000001010101000110111100
11111111010111000011111111011101
10101011110101010100011011110011
11111101011100001111111101110110
10111100010111100010000011111111
01110010011111101010100011010010
10010111110001000101011110100010
10001010001010111110000100001110
10100000101010001110111000111111
11100011110110100101111111110111
00001111111100101010100100101010
00111011100011111111100011110110
10010111111111011100001111111100
10101011011111000010111111110001
11100001111010101011111100110011
10100111000001111111111011110011
01001111111111000100101111110011
00110000011010001010001010001010
11111101101011001111111010000101
00001010001010001010001010000000
00101000110111100111111110101110
00011111111011101101010101111010
10110001011110011111111010111000
01111111101110110101010111101011
11110011101011001101011111111101
11110110101001111010100111011001
01001111111000010100000101000101
00010100010101111001111001010001
01011010111111111111111000111100
10100100111111000011111110011000
10101100010110101101101010111111
11111111100011110010100100111111
00001111111001100010101100010110
10111111010001111110000011111111
11110111000110011111111110001101
11111110010100010011111000000111
10001010101111111101111100100011
11111110000101011111100110110000
10100010100010100010101111101010
10001111100110100000101000101000
10100010100000000011111010101010
10100010100010100010101111110010
10100011101110000010100010100010
10001010000000001010100101111011
11111111001011001111111100011111
11101001010101010010101011011101
11101111111111001011001111111100
01111111101001010101010010101111
11001111111100111011111111110111
11111010100111110010111111001001
00011101011101001011111000010100
00010100010100010100010101111001
01000101100100011101110001111111
11000111101101001011111111101110
00011111111001010101100000010101
10111111011100011111111100011110
11010010111111111011100001111111
10010101011000000101011111101000
00011100000110111111110000001010
10111110101010111111001000111110
00011111100010101111111110001101
01001111110100011111111001100001
01000101000101000101011111011000
10011111001010000001010101000110
11110011111111010111000011111111
01110110101011110101010100011011
11001111111101011100001111111101
11011010111100010111100010000011
11111101110010011111101010100011
01001010010111110001000101011110
10001010001010001010111110000100
00111010100000101010001110111000
11111111100011110110100101111111
11011100001111111100101010100100
10101000111011100011111111100011
11011010010111111111011100001111
11110010101011011111000010111111
11000111100001111010101011111100
11001110100111000001111111111011
11001101001111111111000100101111
11001100110000011010001010001010
00101011111101101011001111111010
00010100001010001010001010001010
00000000101000110111100111111110
10111000011111111011101101010101
11101010110001011110011111111010
11100001111111101110110101010111
10101111110011101011001101011111
11110111110110101001111010100111
01100101001111111000010100000101
00010100010100010101111001111001
01000101011010111111111111111000
11110010100100111111000011111110
01100010101100010110101101101010
11111111111111100011110010100100
11111100001111111001100010101100
01011010111111010001111110000011
11111111110111000110011111111110
00110111111110010100010011111000
00011110001010101111111101111100
10001111111110000101011111100110
11000010100010100010100010101111
10101010001111100110100000101000
10100010100010100000000011111010
10101010100010100010100010101111
11001010100011101110000010100010
10001010001010000000001010100101
11101111111111001011001111111100
01111111101001010101010010101011
01110111101111111111001011001111
11110001111111101001010101010010
10111111001111111100111011111111
11011111111010100111110010111111
00100100011101011101001011111000
01010000010100010100010100010101
11100101000101100100011101110001
11111111000111101101001011111111
10111000011111111001010101100000
01010110111111011100011111111100
01111011010010111111111011100001
11111110010101011000000101011111
10100000011100000110111111110000
00101010111110101010111111001000
11111000011111100010101111111110
00110101001111110100011111111001
10000101000101000101000101011111
01100010011111001010000001010101
00011011110011111111010111000011
11111101110110101011110101010100
01101111001111111101011100001111
11110111011010111100010111100010
00001111111101110010011111101010
10001101001010010111110001000101
01111010001010001010001010111110
00010000111010100000101010001110
11100011111111100011110110100101
11111111011100001111111100101010
10010010101000111011100011111111
10001111011010010111111111011100
00111111110010101011011111000010
11111111000111100001111010101011
11110011001110100111000001111111
11101111001101001111111111000100
10111111001100110000011010001010
00101000101011111101101011001111
11101000010100001010001010001010
00101000000000101000110111100111
11111010111000011111111011101101
01010111101010110001011110011111
11101011100001111111101110110101
01011110101111110011101011001101
01111111110111110110101001111010
10011101100101001111111000010100
00010100010100010100010101111001
11100101000101011010111111111111
11100011110010100100111111000011
11111001100010101100010110101101
10101011111111111111100011110010
10010011111100001111111001100010
10110001011010111111010001111110
00001111111111110111000110011111
11111000110111111110010100010011
11100000011110001010101111111101
11110010001111111110000101011111
10011011000010100010100010100010
10111110101010001111100110100000
10100010100010100010100000000011
11101010101010100010100010100010
10111111001010100011101110000010
10001010001010001010000000001010
10010111101111111111001011001111
11110001111111101001010101010010
10101101110111101111111111001011
00111111110001111111101001010101
01001010111111001111111100111011
11111111011111111010100111110010
11111100100100011101011101001011
11100001010000010100010100010100
01010111100101000101100100011101
11000111111111000111101101001011
11111110111000011111111001010101
10000001010110111111011100011111
11110001111011010010111111111011
10000111111110010101011000000101
01111110100000011100000110111111
11000000101010111110101010111111
00100011111000011111100010101111
11111000110101001111110100011111
11100110000101000101000101000101
01111101100010011111001010000001
01010100011011110011111111010111
00001111111101110110101011110101
01010001101111001111111101011100
00111111110111011010111100010111
10001000001111111101110010011111
10101010001101001010010111110001
00010101111010001010001010001010
11111000010000111010100000101010
00111011100011111111100011110110
10010111111111011100001111111100
10101010010010101000111011100011
11111110001111011010010111111111
01110000111111110010101011011111
00001011111111000111100001111010
10101111110011001110100111000001
11111111101111001101001111111111
00010010111111001100110000011010
00101000101000101011111101101011
00111111101000010100001010001010
00101000101000000000101000110111
10011111111010111000011111111011
10110101010111101010110001011110
01111111101011100001111111101110
11010101011110101111110011101011
00110101111111110111110110101001
11101010011101100101001111111000
01010000010100010100010100010101
11100111100101000101011010111111
11111111100011110010100100111111
00001111111001100010101100010110
10110110101011111111111111100011
11001010010011111100001111111001
10001010110001011010111111010001
11111000001111111111110111000110
01111111111000110111111110010100
01001111100000011110001010101111
11110111110010001111111110000101
01111110011011000010100010100010
10001010111110101010001111100110
10000010100010100010100010100000
00001111101010101010100010100010
10001010111111001010100011101110
00001010001010001010001010000000
00101010010111101111111111001011
00111111110001111111101001010101
01001010101101110111101111111111
00101100111111110001111111101001
01010101001010111111001111111100
11101111111111011111111010100111
11001011111100100100011101011101
00101111100001010000010100010100
01010001010111100101000101100100
01110111000111111111000111101101
00101111111110111000011111111001
01010110000001010110111111011100
01111111110001111011010010111111
11101110000111111110010101011000
00010101111110100000011100000110
11111111000000101010111110101010
11111100100011111000011111100010
10111111111000110101001111110100
01111111100110000101000101000101
00010101111101100010011111001010
00000101010100011011110011111111
01011100001111111101110110101011
11010101010001101111001111111101
01110000111111110111011010111100
01011110001000001111111101110010
01111110101010001101001010010111
11000100010101111010001010001010
00101011111000010000111010100000
10101000111011100011111111100011
11011010010111111111011100001111
11110010101010010010101000111011
10001111111110001111011010010111
11111101110000111111110010101011
01111100001011111111000111100001
11101010101111110011001110100111
00000111111111101111001101001111
11111100010010111111001100110000
01101000101000101000101011111101
10101100111111101000010100001010
00101000101000101000000000101000
11011110011111111010111000011111
11101110110101010111101010110001
01111001111111101011100001111111
10111011010101011110101111110011
10101100110101111111110111110110
10100111101010011101100101001111
11100001010000010100010100010100
01010111100111100101000101011010
11111111111111100011110010100100
11111100001111111001100010101100
01011010110110101011111111111111
10001111001010010011111100001111
11100110001010110001011010111111
01000111111000001111111111110111
00011001111111111000110111111110
01010001001111100000011110001010
10111111110111110010001111111110
00010101111110011011000010100010
10001010001010111110101010001111
10011010000010100010100010100010
10000000001111101010101010100010
10001010001010111111001010100011
10111000001010001010001010001010
00000000101010010111101111111111
00101100111111110001111111101001
01010101001010101101110111101111
11111100101100111111110001111111
10100101010101001010111111001111
11110011101111111111011111111010
10011111001011111100100100011101
01110100101111100001010000010100
01010001010001010111100101000101
10010001110111000111111111000111
10110100101111111110111000011111
11100101010110000001010110111111
01110001111111110001111011010010
11111111101110000111111110010101
01100000010101111110100000011100
00011011111111000000101010111110
10101011111100100011111000011111
10001010111111111000110101001111
11010001111111100110000101000101
00010100010101111101100010011111
00101000000101010100011011110011
11111101011100001111111101110110
10101111010101010001101111001111
11110101110000111111110111011010
11110001011110001000001111111101
11001001111110101010001101001010
01011111000100010101111010001010
00101000101011111000010000111010
10000010101000111011100011111111
10001111011010010111111111011100
00111111110010101010010010101000
11101110001111111110001111011010
01011111111101110000111111110010
10101101111100001011111111000111
10000111101010101111110011001110
10011100000111111111101111001101
00111111111100010010111111001100
11000001101000101000101000101011
11110110101100111111101000010100
00101000101000101000101000000000
10100011011110011111111010111000
01111111101110110101010111101010
11000101111001111111101011100001
11111110111011010101011110101111
11001110101100110101111111110111
11011010100111101010011101100101
00111111100001010000010100010100
01010001010111100111100101000101
01101011111111111111100011110010
10010011111100001111111001100010
10110001011010110110101011111111
11111110001111001010010011111100
00111111100110001010110001011010
11111101000111111000001111111111
11011100011001111111111000110111
11111001010001001111100000011110
00101010111111110111110010001111
11111000010101111110011011000010
10001010001010001010111110101010
00111110011010000010100010100010
10001010000000001111101010101010
10001010001010001010111111001010
10001110111000001010001010001010
00101000000000101010010111101111
11111100101100111111110001111111
10100101010101001010101101110111
10111111111100101100111111110001
11111110100101010101001010111111
00111111110011101111111111011111
11101010011111001011111100100100
01110101110100101111100001010000
01010001010001010001010111100101
00010110010001110111000111111111
00011110110100101111111110111000
01111111100101010110000001010110
11111101110001111111110001111011
01001011111111101110000111111110
01010101100000010101111110100000
01110000011011111111000000101010
11111010101011111100100011111000
01111110001010111111111000110101
00111111010001111111100110000101
00010100010100010101111101100010
01111100101000000101010100011011
11001111111101011100001111111101
11011010101111010101010001101111
00111111110101110000111111110111
01101011110001011110001000001111
11110111001001111110101010001101
00101001011111000100010101111010
00101000101000101011111000010000
11101010000010101000111011100011
11111110001111011010010111111111
01110000111111110010101010010010
10100011101110001111111110001111
01101001011111111101110000111111
11001010101101111100001011111111
00011110000111101010101111110011
00111010011100000111111111101111
00110100111111111100010010111111
00110011000001101000101000101000
10101111110110101100111111101000
01010000101000101000101000101000
00000010100011011110011111111010
11100001111111101110110101010111
10101011000101111001111111101011
10000111111110111011010101011110
10111111001110101100110101111111
11011111011010100111101010011101
10010100111111100001010000010100
01010001010001010111100111100101
00010101101011111111111111100011
11001010010011111100001111111001
10001010110001011010110110101011
11111111111110001111001010010011
11110000111111100110001010110001
01101011111101000111111000001111
11111111011100011001111111111000
11011111111001010001001111100000
01111000101010111111110111110010
00111111111000010101111110011011
00001010001010001010001010111110
10101000111110011010000010100010
10001010001010000000001111101010
10101010001010111100111111111111
11100001011011111111100001111111
11111110011111001111010100111111
11111011111101010001111111111111
00010111010001111111110000101101
11111111000011111111111111001111
10011110101001111111111101111110
10100011111111111110001011101011
11110011101011111110110010101100
01101111111111001111101101100111
01011111101101001000111101110011
11010000001010001010111100111111
11111111100001011011111111100001
11111111111110011111001111010100
11111111111011111101010001111111
11111100010111010001111111110000
10110111111111000011111111111111
00111110011110101001111111111101
11111010100011111111111110001011
10100011111110110010101100011011
11111111001111101101100001111011
01001000111101110011101101011011
11011111111110010110011111111000
11111111010010101010100101011100
01110101110011111100010110101101
00000110010111011011101101101101
00110101001011100011001111010110
00110100111111111110001011101010
10111111111111000010110101001101
00001111111111100111110100110101
00011111111110111111011010011111
11111100010111010111111001111111
10011101111001010101100011011111
10101111110101001111110111011011
11101001111110010010001110101110
10010101010010001111001010101101
01001110111001101000101011100001
10111111111000010110101001101000
01111111111100111110100110101000
11111111110111111011010011111111
11100010111010001111111110000101
10101001101000011111111111001111
10100110101000111111111101111110
11010011111111111000101110101111
00101011111110110010101100011011
11111111001111101101100110100111
10110100100011110111001110110101
10111000111111111000111101101001
01111111110111000011111111001010
10110000001010110010011111111110
00010110011101101000101101110011
11111011100001001011010110111111
00001111001011111100100010100101
10100011010011000110010011110001
11001111110011110100101111111101
10111111011010111111111100111100
11100110111111111011111001000111
11111000110101111101110101110000
10010110000010110001000101001010
10001101010001010011100000110101
10101010111111001000111110011001
11001111011100101011110001100110
00111110101001000010010110000101
10100110111001101001001011010110
11000110101011010001010110010101
11111101101111110110101111111111
00111100111001101111111110111110
01000111111110001101000111111101
10111111011010111111111100111100
11100110111111111011111001000111
11111000110101111101011011111011
00001010100111011000111100000111
11111101010110001100110111111111
11101000000111100100011010101101
01010001101111001111111101011100
00111111110111011010100000111111
10110111111011010111111111100111
10011100110111111111011111001000
11111111000110101100100011010101
00111100010110110110000101101101
01110010101010001111000011011100
10010010010100000001111000010101
01111101010011111011110101111000
11011001111101100001101010110100
10110000011011010010100011110101
01000010011111000011111110011001
11010001111101111110101001010001
01101001000110101101010001010111
00111001111111110000100110100110
10011011111111110011110000101110
10111111111011111000010111111111
11100010101010001111111110000100
11010011010011011111111110011110
00010111010111111111011111000010
11111111111100010101010111110001
00011111010100011100010001111111
00100011000101111111011001101110
00101111111110010001100111010001
11010100011101110001111111110001
11101101001011111111101110000111
11111001010101100000011111111100
00100110100110100110111111111100
11110000101110101111111110111110
00010111111111111000101010100111
11000101111000101010101100011011
11111001100100101100111000101000
10101110000001001001001110110000
10001001010010110010101011100000
00010110111000000110011110011110
10011100110101101101100001111100
00010110001000010101011010000011
01110000011110111010111111001100
11011011000011011000000111000100
01010011101011010000100111001110
00001101001001001101001101111110
10010111000110110100010101101010
11111111011000000101110101111111
11001111010010000111111111101111
10100011111111100001010001111111
01100000010111010111111111001111
01001000011111111110111110100011
11111110000101011111101011100111
10110111101001111101110011111101
01111011111111010110011111001010
00111111111010000010001000100110
01010101000101011010101111111101
10000001011101011111111100111101
00100001111111111011111010001111
11111000010100011111110110000001
01110101111111110011110100100001
11111111101111101000111111111000
01010001111011011110100111110111
00001111111101011001111100101000
11111111101000001000100010011100
11100101111001111111101011100001
11111110111011010101011110101001
11111100010000001100001101001001
10111111010010000010011111111001
10011101101000100000111000001100
01111100100011000110010010001110
11111000111101001010110010101111
11101101010110000011111110111001
00100111111001000011111111000110
10111110000010110011001010100111
00111001111000101110101001001010
00101011010010111001111010110101
00001100111000110000000101010010
10011010100101000110101010100110
10011001011110101000101010100011
11111101101010110000011111110111
00100100111111001000011111111000
11010001111111011010101100000111
11110111001001001111110010000111
11111000110101110000111110110000
10101001110110001101011111111011
01010111000001011111111100111111
00010001001011011111111111111100
01111001010010011111100001111111
00110001010110001011010110111111
10100110110110111011111110001001
01110101000010001011010010001011
00110010101100011101110001011100
01100111011000110100110111000010
00001101101000001011000111001001
00011001001111010001010011110110
10101110100001111111111000010101
00000111100010000011111111100111
11110011010011001111111110111111
10110010011111111111000100010101
11110111010111000011000110001011
10100011100001011100001001001010
00010101111001011100101011111001
10011011110101111011010110010001
11110001101111000100010101011010
00011000100011000101010001100111
01000101110111010111001010100101
11111000101100111100111111101000
10101111010000001111111110000101
01000001111000100000111111111001
11111100110100110011111111101111
11101100100111111111110001000101
00011111111100001010100000111100
01000001111111110011111110011010
01100111111111011111110110010011
11111111100010001010111110100010
11111110110101011100000101111111
11001111110001000111100000011110
11001110010111011000111100111111
10100010101111010000001111111110
00010101000001111000100000111111
11100111111100110100110011111111
10111111101100100111111111110001
00010100011111111100001010100000
11110001000001111111110011111110
01101001100111111111011111110110
01001111111111100010001010001111
11101101010111000001011111111100
11111100010000011110110011100101
11011000111100111111101000101001
11011011000011111011010100011011
00001111101101010110101111110101
11111100001101111111001110100010
00101110100001101101000101001110
11011000011111011010100011011000
01111101101010001111101011111110
00011011111110011101000001011101
00010001101101010010010101001000
01100011001001111011100010101101
11111111000001111111100000101011
01010010111100011010111010101101
00101110100110111010011011001111
01101011000101001101000101000000
01100111011001101011100101110110
01010101110110100001100101010111
00011111001010101001001110011100
10110000111011010101111100010101
10011011111111101111001100010111
00111010100100001101011000111010
01101011111100100100011101001101
00101001110001111001010100101011
10011100111001010001010111101011
00011111111100001100111101111110
00101100111111111010000010000110
10001011111111110111111110100101
11111111111000110111010001111111
11000011001111011111100010110011
11111110100000100001101000101111
11111101111111101001011111111111
10001101110101111001010001101100
01111001011101011000111111111100
10000100001011011011111111101011
10101010111111110011000101011101
10101101011101000011011011011111
10110011111111111000101011100001
10111010100001100101011011010100
00110100011000101010100011100001
10001110001001101001011100111100
00011111111110101110011101011101
00001111111111000010100111011111
00010000111111111100111111100110
10010111111111110111111101100100
11111111111000100010101111011010
11001010111100010001010010101001
01000010010010100111001010110110
10100111110100001110010011011000
10101010001101000110100111001001
01010100100101011010111011001111
00111101101000101011110100001011
11111110000101001110111110001000
01111111111001111111001101001011
11111111101111111011001001111111
11110001000101011110011010011010
10100101111011000111101001001110
10101101011110111010011011001110
10101110110100110101101001001110
11110000010010001101000110000000
01010100101100100011000101010010
01000110011100000111000110010001
11101001010111101100010000110001
01010100011010100110100100011001
01011100111101101001011001100001
10000101011110110100110100010110
01101011100110011111000100010111
11111100100001000010001111111111
10101110010000111111100110011010
11010010111111101101110110110101
11111111100111100111001101111110
01000011111111000110101100100011
01010101101110000100101111101011
10100101100101100010000011000001
01000010000001011111100110111010
11110101001111111110001101011100
10011001100011111110111100101000
01110010110000110101011101110011
11001110110011010111000100110100
10101010111000011001110001101001
11001010111011101110100011001110
10100010100111111110010110110111
10101000101000111100101101101111
01010001010111100000011111010101
01101011011111110010100111110011
00011110110011100101110110000110
01010101111011010001001111111110
01000011110110100111011111111101
01111101010001011111111110100001
00001010101001100101000010000001
10011110001010100111110100111010
11100001001011010011010100111011
01001011100110010000001100010100
10000110011001001001000110000010
11110101001000000011000000100111
00010101100110111000010010101001
11001001001010011010101100011000
11010111100001001011110110011100
10100011011011010110110011001111
01101011101000101011100100111111
11111000010110000011101001001111
11111100111110111101111011111111
11011111000010011111111111000101
01010001111111110000101100000111
01001001111111111001111101111011
11011111111110111110000100111111
11111000101010101111010011111101
10111101001111101110011111100111
10111111110110010101100011011111
11111001111101101100111010110010
10001010111001001111111111100001
01100000111010010011111111110011
11101111011110111111111101111100
00100111111111110001010101000111
11111100001011000001110100100111
11111110011111011110111101111111
11101111100001001111111111100010
10101000111101101111010011111011
10000111111101100101011000110111
11111110011111011011001100001011
11100010000011111111110010000111
10100000111111111010111101010101
11111111110100001001101010111001
01001010110110011111000101011110
10111001011011011010110011101010
10010001010111000101101110100100
11001010100010110000100001000010
00100100000000000001110010000110
01100011110110001001111101011010
11000011010110010000001100011100
00000000011010111100110010101100
11010011100110110110100011111011
10001100101110101001110010101001
11100001011000010000100110101011
00110100100001111101000101000101
00111101011000110010110000110010
00001000101011001100111011010011
10101000111110000110101111111111
00100101000000110100110011111111
10110110101111111111101000101001
11101011111010000010101011111001
11000011110000100101101010100100
00011110000111101111000100111101
10011110101010010111011010110010
00111100000100000110111111011100
10110001000000000101100011101110
01000110010100011000110010010000
00111010100100011101111010111101
00111011111111100001011100001111
10000111111111111110011111001111
01010011111111111011111101010001
11111111111100010111010000000001
11101000001101000101011110011111
01111111110000101110000111110000
11111111111111001111100111101010
01111111111101111110101000111111
11111110001011101000111111111000
01011100001111100001111111111111
10011111001111010100111111111110
11111101010001111111111111000101
11010000000001111010000011010001
01011110011111011111111100001011
10000111110000111111111111110011
11100111101010011111111111011111
10101000111111111111100010111010
00111111111000010111000011111000
01111111111111100111110011110101
00111111111110111111010100011111
11111111000101110100000000011110
00111001010001010001010001010111
10110000011110011010000101000101
00010100010100000000000101011110
10101011111100000000001111111110
01000111101110111110111111111011
00000110010010011111111110100011
01100010101011110010101010101111
01010101111110000000000111111111
00100011110111011111011111111101
10000011001001001111111111010001
10110001010101100101010110111111
10000110110011010010100111111100
01101000111110100011101010001010
00101000101011110011000011101110
00001010001010001010001010000000
00001010111110001101111111000110
10111111111100100011111001111000
10001011111111101100001001110111
00111111111110100011010110101011
11101100100010101111100011011111
11000110101111111111001000111110
01111000100010111111111011000010
01110111001111111111101000110101
10101011110100011100101110111110
00111001000110110101000111011101
10011000011101000101000101000101
01111010111001110100000001010001
01000101000101000000000011010111
11111011100001101010000110101001
10011111111011100001101010000110
10111100011011001100011111111000
10101011110100111111110011001110
01101010110111110001000010000101
10000000111110101111101001010011
01111110011101100011100100011111
00101000101000010100000100001011
10111000000011001011000111100110
10011100110001001000010100100100
00001100100110101110000000110010
00010011011100010101001110000110
11101111110100001000101001110101
00000100011001000110001010011010
10011100000000100011110100001101
00000000010001110011011111011111
00011111010010100110110001111111
11101011000001010011101001101111
10111110001111101001010011011000
11111111110101100000101000000000
10110001010100111100011111111110
10101100010101000001010100111100
01111111111010101100010100000000
00010010011111111010101100110101
00000101010011110010011111111010
10110011010100000101000000000001
01000101000101000101000000000001
01000101000101000101000000000101
10011010001010001010001010111101
10000011110011010000101000101000
10100010100000000000101011110101
01011111100000000001111111110010
00111101110111110111111111011000
00110010010011111111110100011011
00010101011110010101010101111010
10101111110000000000111111111001
00011110111011111011111111101100
00011001001001111111111010001101
10001010101100101010110111111100
00110110011010010100111111100011
01000111110100011101010001010001
01000101011110011000011101110000
01010001010001010001010000000000
01010111110001101111111000110101
11111111100100011111001111000100
01011111111101100001001110111001
11111111110100011010110101011111
01100100010101111100011011111110
00110101111111111001000111110011
11000100010111111111011000010011
10111001111111111101000110101101
01011110100011100101110111110001
11001000110110101000111011101100
11000011101000101000101000101011
11010111001110100000001010001010
00101000101000000000011010111111
11011100001101010000000100011001
01010010001111011010101001110111
11111011100001101010000110101111
00011011001100011111111000101010
11110100111111110011001110011010
10110111110001000011010101001110
01100011000110001111010010100011
01111000000000111001111000001000
11101101010010000000111011000010
01000001111110111010011110100101
00101001011001001110101110010001
01011100000001100100001010001100
11100011100111101011010010001001
11001110010011111010100110100100
11001001011011101000000010000001
11101011010011100000001100000000
00000001010000000001000101001101
11110111110001111101001010011011
00011111111110101100000101001110
10011011111011111000111110100101
00110110001111111111010110000010
10000000001011000101010011110001
11111111101010110001010100000101
01001111000111111111101010110001
01000000000001001001111111101010
11001101010000010101001111001001
11111110101011001101010000010100
00000000010100010100010100010100
00000000010100010100010100010100
00000001011001101000101000101000
10101111011000001111001101000010
10001010001010001010000000000010
10111101010101111110000000000111
11111100100011110111011111011111
11110110000011001001001111111111
01000110110001010101111001010101
01011110101010111111000000000011
11111110010001111011101111101111
11111011000001100100100111111111
10100011011000101010110010101011
01111111000011011001101001010011
11111000110100011111010001110101
00010100010100010101111001100001
11011100000101000101000101000101
00000000000101011111000110111111
10001101011111111110010001111100
11110001000101111111110110000100
11101110011111111111010001101011
01010111110110010001010111110001
10111111100011010111111111100100
01111100111100010001011111111101
10000100111011100111111111110100
01101011010101111010001110010111
01111100011100100011011010100011
10111011001100001110100010100010
10001010111101011100111010000000
10100010100010100010100000000001
10101111111101110000110101000011
01010011001111111101110000110101
00001101011110001101100110001111
11110001010101111010011111111001
10011100110101011011111000100000
10100100000000000000111010000000
00001010010110100010101110000000
11001000001010001010001010001010
00000000100001100110111110111110
00111110100101001101100011111111
11010110000010100111010011011111
01111100011111010010100110110001
11111111101011000001010000000001
01100010101001111000111111111101
01011000101010000010101001111000
11111111110101011000101000000000
00100100111111110101011001101010
00001010100111100100111111110101
01100110101000001010000000000010
10001010001010001010000000000010
10001010001010001010000000001111
